-639121  33815  33815  33815  33815  33815  33815  33815  33815  33815  33815  33815  33815  33815  33815  33815  33815  33815  33815  33815  33815  33815  33815  33815  33815  33815  33815  33815  33815  33815  33815  33815 
 33815  33815  33815  33815  33815  33815  33815  33815  33815  33815  33815  33815  33815  33815  33815  33815  33815  33815  33815  33815  33815  33815  33815  33815  33815  33815  33815  33815  33815  33815  33815  33815 
 33815  33815  33815  33815  33815  33815  33815  33815  33815  33815  33815  33815  33815  33815  33815  33815  33815  33815  33815  33815  33815  33815  33815  33815  33815  33815  33815  33815  33815  33815  33815  33815 
 33815  33815  33815  33815  33815  33815  33815  33815  33815  33815  33815  33815  33815  33815  33815  33815  33815  33815  33815  33815  33815  33815  33815  33815  33815  33815  33815  33815  33815  33815  33815  33815 
 33815  33815  33815  33815  33815  33815  33815  33815  33815  33815  33815  33815  33815  33815  33815  33815  33815  33815  33815  33815  33815  33815  33815  33815  33815  33815  33815  33815  33815  33815  33815  33815 
 33815  33815  33815  33815  33815  33815  33815  33815  33815  33815  33815  33815  33815  33815  33815  33815  33815  33815  33815  33815  33815  33815  33815  33815  33815  33815  33815  33815  33815  33815  33815  33815 
 33815  33815  33815  33815  33815  33815  33815  33815  33815  33815  33815  33815  33815  33815  33815  33815  33815  33815  33815  33815  33815  33815  33815  33815  33815  33815  33815  33815  33815  33815  33815  33815 
 33815  33815  33815  33815  33815  33815  33815  33815  33815  33815  33815  33815  33815  33815  33815  33815  33815  33815  33815  33815  33815  33815  33815  33815  33815  33815  33815  33815  33815  33815  33815  33815 
 33815  33815  33815  33815  33815  33815  33815  33815  33815  33815  33815  33815  33815  33815  33815  33815  33815  33815  33815  33815  33815  33815  33815  33815  33815  33815  33815  33815  33815  33815  33815  33815 
 33815  33815  33815  33815  33815  33815  33815  33815  33815  33815  33815  33815  33815  33815  33815  33815  33815  33815  33815  33815  33815  33815  33815  33815  33815  33815  33815  33815  33815  33815  33815  33815 
 33815  33815  33815  33815  33815  33815  33815  33815  33815  33815  33815  33815  33815  33815  33815  33815  33815  33815  33815  33815  33815  33815  33815  33815  33815  33815  33815  33815  33815  33815  33815  33815 
 33815  33815  33815  33815  33815  33815  33815  33815  33815  33815  33815  33815  33815  33815  33815  33815  33815  33815  33815  33815  33815  33815  33815  33815  33815  33815  33815  33815  33815  33815  33815  33815 
 33815  33815  33815  33815  33815  33815  33815  33815  33815  33815  33815  33815  33815  33815  33815  33815  33815  33815  33815  33815  33815  33815  33815  33815  33815  33815  33815  33815  33815  33815  33815  33815 
 33815  33815  33815  33815  33815  33815  33815  33815  33815  33815  33815  33815  33815  33815  33815  33815  33815  33815  33815  33815  33815  33815  33815  33815  33815  33815  33815  33815  33815  33815  33815  33815 
 33815  33815  33815  33815  33815  33815  33815  33815  33815  33815  33815  33815  33815  33815  33815  33815  33815  33815  33815  33815  33815  33815  33815  33815  33815  33815  33815  33815  33815  33815  33815  33815 
 33815  33815  33815  33815  33815  33815  33815  33815  33815  33815  33815  33815  33815  33815  33815  33815  33815  33815  33815  33815  33815  33815  33815  33815  33815  33815  33815  33815  33815  33815  33815  33815 
 33815  33815  33815  33815  33815  33815  33815  33815  33815  33815  33815  33815  33815  33815  33815  33815  33815  33815  33815  33815  33815  33815  33815  33815  33815  33815  33815  33815  33815  33815  33815  33815 
 33815  33815  33815  33815  33815  33815  33815  33815  33815  33815  33815  33815  33815  33815  33815  33815  33815  33815  33815  33815  33815  33815  33815  33815  33815  33815  33815  33815  33815  33815  33815  33815 
 33815  33815  33815  33815  33815  33815  33815  33815  33815  33815  33815  33815  33815  33815  33815  33815  33815  33815  33815  33815  33815  33815  33815  33815  33815  33815  33815  33815  33815  33815  33815  33815 
 33815  33815  33815  33815  33815  33815  33815  33815  33815  33815  33815  33815  33815  33815  33815  33815  33815  33815  33815  33815  33815  33815  33815  33815  33815  33815  33815  33815  33815  33815  33815  33815 
 33815  33815  33815  33815  33815  33815  33815  33815  33815  33815  33815  33815  33815  33815  33815  33815  33815  33815  33815  33815  33815  33815  33815  33815  33815  33815  33815  33815  33815  33815  33815  33815 
 33815  33815  33815  33815  33815  33815  33815  33815  33815  33815  33815  33815  33815  33815  33815  33815  33815  33815  33815  33815  33815  33815  33815  33815  33815  33815  33815  33815  33815  33815  33815  33815 
 33815  33815  33815  33815  33815  33815  33815  33815  33815  33815  33815  33815  33815  33815  33815  33815  33815  33815  33815  33815  33815  33815  33815  33815  33815  33815  33815  33815  33815  33815  33815  33815 
 33815  33815  33815  33815  33815  33815  33815  33815  33815  33815  33815  33815  33815  33815  33815  33815  33815  33815  33815  33815  33815  33815  33815  33815  33815  33815  33815  33815  33815  33815  33815  33815 
 33815  33815  33815  33815  33815  33815  33815  33815  33815  33815  33815  33815  33815  33815  33815  33815  33815  33815  33815  33815  33815  33815  33815  33815  33815  33815  33815  33815  33815  33815  33815  33815 
 33815  33815  33815  33815  33815  33815  33815  33815  33815  33815  33815  33815  33815  33815  33815  33815  33815  33815  33815  33815  33815  33815  33815  33815  33815  33815  33815  33815  33815  33815  33815  33815 
 33815  33815  33815  33815  33815  33815  33815  33815  33815  33815  33815  33815  33815  33815  33815  33815  33815  33815  33815  33815  33815  33815  33815  33815  33815  33815  33815  33815  33815  33815  33815  33815 
 33815  33815  33815  33815  33815  33815  33815  33815  33815  33815  33815  33815  33815  33815  33815  33815  33815  33815  33815  33815  33815  33815  33815  33815  33815  33815  33815  33815  33815  33815  33815  33815 
 33815  33815  33815  33815  33815  33815  33815  33815  33815  33815  33815  33815  33815  33815  33815  33815  33815  33815  33815  33815  33815  33815  33815  33815  33815  33815  33815  33815  33815  33815  33815  33815 
 33815  33815  33815  33815  33815  33815  33815  33815  33815  33815  33815  33815  33815  33815  33815  33815  33815  33815  33815  33815  33815  33815  33815  33815  33815  33815  33815  33815  33815  33815  33815  33815 
 33815  33815  33815  33815  33815  33815  33815  33815  33815  33815  33815  33815  33815  33815  33815  33815  33815  33815  33815  33815  33815  33815  33815  33815  33815  33815  33815  33815  33815  33815  33815  33815 
 33815  33815  33815  33815  33815  33815  33815  33815  33815  33815  33815  33815  33815  33815  33815  33815  33815  33815  33815  33815  33815  33815  33815  33815  33815  33815  33815  33815  33815  33815  33815  33815 
