-663242311187 266413050782 -378186299608 -6429992647754 -2462190763082 -18369984643913 -83461713767869 -48798219719459 -237406004996 495601572092 74042163972 74042163972 74042163972 74042163972 74042163972 74042163972 
-14635811099472 345459176923 345459176923 345459176923 345459176923 -2657351346369 -7236149572037 -8832762599936 345459176923 74042163972 74042163972 74042163972 74042163972 74042163972 74042163972 74042163972 
-7851775845321 74042163972 74042163972 74042163972 345459176923 368121993468 -5606829894062 -804743372537 74042163972 74042163972 74042163972 74042163972 74042163972 74042163972 74042163972 74042163972 
-2809912504525 74042163972 74042163972 74042163972 345459176923 345459176923 -1528136738564 74042163972 74042163972 74042163972 74042163972 74042163972 74042163972 74042163972 74042163972 74042163972 
74042163972 74042163972 74042163972 74042163972 74042163972 345459176923 74042163972 74042163972 74042163972 74042163972 74042163972 74042163972 74042163972 74042163972 74042163972 74042163972 
74042163972 74042163972 74042163972 74042163972 74042163972 74042163972 74042163972 74042163972 74042163972 74042163972 74042163972 74042163972 74042163972 74042163972 74042163972 74042163972 
-448579703274 74042163972 74042163972 74042163972 74042163972 74042163972 74042163972 74042163972 74042163972 74042163972 74042163972 74042163972 74042163972 74042163972 74042163972 74042163972 
395972505110 74042163972 74042163972 74042163972 74042163972 74042163972 74042163972 74042163972 74042163972 74042163972 74042163972 74042163972 74042163972 74042163972 74042163972 74042163972 
74042163972 74042163972 74042163972 74042163972 74042163972 74042163972 74042163972 74042163972 74042163972 74042163972 74042163972 74042163972 74042163972 74042163972 74042163972 74042163972 
74042163972 74042163972 74042163972 74042163972 74042163972 74042163972 74042163972 74042163972 74042163972 74042163972 74042163972 74042163972 74042163972 74042163972 74042163972 74042163972 
74042163972 74042163972 74042163972 74042163972 74042163972 74042163972 74042163972 74042163972 74042163972 74042163972 74042163972 74042163972 74042163972 74042163972 74042163972 74042163972 
74042163972 74042163972 74042163972 74042163972 74042163972 74042163972 74042163972 74042163972 74042163972 74042163972 74042163972 74042163972 74042163972 74042163972 74042163972 74042163972 
74042163972 74042163972 74042163972 74042163972 74042163972 74042163972 74042163972 74042163972 74042163972 74042163972 74042163972 74042163972 74042163972 74042163972 74042163972 74042163972 
74042163972 74042163972 74042163972 74042163972 74042163972 74042163972 74042163972 74042163972 74042163972 74042163972 74042163972 74042163972 74042163972 74042163972 74042163972 74042163972 
74042163972 74042163972 74042163972 74042163972 74042163972 74042163972 74042163972 74042163972 74042163972 74042163972 74042163972 74042163972 74042163972 74042163972 74042163972 74042163972 
74042163972 74042163972 74042163972 74042163972 74042163972 74042163972 74042163972 74042163972 74042163972 74042163972 74042163972 74042163972 74042163972 74042163972 74042163972 74042163972 
