10974946270567 2613071592702 1505390304510 772241113861 4172965911806 1478462897406 111573695283740 11216085122407 2856290737406 461661717253 456578228997 117679284997 94593966853 198125748997 128550871813 77816914693 
8094856609022 97009869573 82917122821 93436347141 705467876101 344640840453 16314126015847 2420768965381 541940572933 181415691013 93436347141 77330383621 88151565061 170946740997 92312281861 74461553413 
6534173457662 216043766533 75719803653 100885381893 248591483653 121168929541 8713042746727 605610017541 192421511941 122964083461 91221771013 78890640133 88151565061 81440744197 80752886533 74864190213 
2962322676990 153917924101 74058932997 102244328197 144925369093 436646141287 3495300963582 299795432197 140630418181 87195271941 93436347141 77816914693 82162156293 74310566661 74193134341 74042163972 
142761116421 86272533253 77816914693 88151565061 74042163972 83705643781 336185139973 100885381893 80752886533 82162156293 76457984773 76072116997 108015657733 89141412613 75401044741 74042163972 
1505390304510 78890640133 95785140997 75401044741 93436347141 291393150206 353230758661 74310566661 77330383621 74646094597 74058932997 78337000197 111102649093 82917122821 78337000197 74310566661 
2013485548293 76072116997 114323858181 75401044741 126655054597 74193134341 779102987013 114323858181 87195271941 75401044741 75115840261 74193134341 84527719173 75401044741 76072116997 74461553413 
1635044515070 74109256453 103636828933 75719803653 111102649093 74109256453 718554088197 102244328197 90164814597 74310566661 83705643781 74042163972 78337000197 74193134341 74058932997 74310566661 
799889933061 81440744197 80098583301 80752886533 82162156293 75719803653 273371374341 87195271941 87195271941 75401044741 91221771013 74864190213 115984794373 79477834501 76072116997 74109256453 
216043766533 82917122821 82162156293 81440744197 77330383621 77330383621 74461553413 74058932997 84527719173 75719803653 81440744197 74109256453 97009869573 85383348997 75401044741 74461553413 
88151565061 99559990021 80752886533 81440744197 74646094597 78890640133 209936876293 74864190213 74058932997 76457984773 74864190213 74193134341 81440744197 76072116997 75719803653 74193134341 
82917122821 93436347141 75719803653 78890640133 74646094597 76877406981 216043766533 84527719173 75115840261 76457984773 74864190213 76072116997 75115840261 74461553413 74193134341 74042163972 
124792791813 88151565061 76877406981 80752886533 75115840261 75719803653 122964083461 83705643781 76072116997 78337000197 74109256453 75115840261 87195271941 74646094597 74461553413 74193134341 
186851492613 84527719173 76072116997 79477834501 75719803653 74193134341 76457984773 76072116997 74310566661 74109256453 74461553413 74109256453 78337000197 75719803653 74646094597 74310566661 
165913592581 76072116997 75115840261 74864190213 77330383621 74042163972 82162156293 74193134341 74310566661 74461553413 74042163972 74058932997 76877406981 76877406981 74058932997 74646094597 
122964083461 74109256453 74109256453 74646094597 75719803653 74864190213 89141412613 74193134341 74193134341 74058932997 74193134341 74461553413 74109256453 74109256453 74193134341 74310566661 
