           74460           118368            29085            24333           134586            25740           117817           131441            52560            21485            34524            14928            16220            23949            15824            14933 
           93483           108560            15285            19548            28149            46675            99209            62013            29324            18173            19280            15285            15120            17133            15365            14949 
          105525            29085            20549            21648            15120            38858            87824            14925            15453            15948            15324            15005            14928            16293            15285            14925 
           47324            32085            20853            17525            15285            17040            40205            15285            15248            15708            15453            15180            15120            15149            14928            15005 
          121200            54924            14928            15708            16293            15500            15824            15708            14949            15248            15045            15453            14973            15365            14960            14928 
          105525            14949            16949            15324            16080            14925            16605            14925            15653            14960            14949            14973            15149            15120            14928            14924 
           31308            18645            16080            15248            16605            14925            33968            15024            15248            14928            14949            15005            15248            14925            14960            14949 
           27245            21813            15005            15248            16368            14960            23949            14960            15149            14933            15948            14960            14925            15180            14928            14925 
           16445            24924            17424            15045            16445            15149            17840            14973            14973            15365            15453            15365            16080            14925            14925            14960 
           15365            17040            20108            15500            15653            15180            15824            15068            14960            14933            15708            14933            15500            14960            14925            14924 
           15653            16605            16080            16445            15180            15824            15708            14960            14949            15180            15005            15248            15024            15120            14949            14925 
           21165            15365            15365            16773            14960            15324            16773            15045            15024            15068            15045            15149            14928            14933            14933            14925 
          119900            18405            19685            19280            15453            16605            17525            15068            15549            16368            16013            16368            15248            15024            15248            14928 
          105525            15549            18405            15708            15024            14924            15708            15068            15024            14949            15324            16013            14973            14973            14924            14928 
          105525            17040            17040            15708            16220            15149            15248            15024            15068            15824            14949            15149            15248            15024            14973            15068 
           33420            15324            16220            15248            15149            14973            16368            14973            15324            15024            15024            14973            14928            15068            14949            14949 
