-34961603911650 -5629673110285 -903290081737 -3915179648870 268124223776 -6389844821030 -16122228162600 -40647688826931 59300600127 59300600127 59300600127 59300600127 59300600127 59300600127 59300600127 59300600127 
-82139045789035 -4308366893970 -3647055425094 327424823903 -6121720597254 -16008581343597 -43581011761578 118601200254 118601200254 118601200254 118601200254 118601200254 118601200254 118601200254 118601200254 59300600127 
-34204834076266 -3587754824967 386725424030 -8810798631987 -15949280743470 -49398560162593 -11644811283466 -25983869261948 177901800381 177901800381 177901800381 177901800381 177901800381 177901800381 118601200254 59300600127 
-3528454224840 446026024157 -8542674408211 -15889980143343 -49130435938817 -11531164464463 -25715745038172 237202400508 237202400508 237202400508 237202400508 237202400508 237202400508 177901800381 118601200254 59300600127 
505326624284 -8483373808084 -15830679543216 -49071135338690 -11471863864336 -25656444438045 296503000635 296503000635 296503000635 296503000635 296503000635 296503000635 237202400508 177901800381 118601200254 59300600127 
-8424073207957 -15771378943089 -49011834738563 -11412563264209 -25597143837918 355803600762 355803600762 355803600762 355803600762 355803600762 355803600762 296503000635 237202400508 177901800381 118601200254 59300600127 
-28122406652161 -48952534138436 -11353262664082 -25537843237791 415104200889 415104200889 415104200889 -1019603472148 415104200889 415104200889 355803600762 296503000635 237202400508 177901800381 118601200254 59300600127 
-48893233538309 -11293962063955 -25478542637664 474404801016 474404801016 474404801016 -751479248372 474404801016 474404801016 415104200889 355803600762 296503000635 237202400508 177901800381 118601200254 59300600127 
-13267945294712 -25419242037537 533705401143 533705401143 533705401143 -692178648245 533705401143 533705401143 474404801016 415104200889 355803600762 296503000635 237202400508 177901800381 118601200254 59300600127 
-25359941437410 593006001270 593006001270 593006001270 -632878048118 593006001270 593006001270 533705401143 474404801016 415104200889 355803600762 296503000635 237202400508 177901800381 118601200254 59300600127 
652306601397 652306601397 652306601397 -573577447991 652306601397 652306601397 593006001270 533705401143 474404801016 415104200889 355803600762 296503000635 237202400508 177901800381 118601200254 59300600127 
711607201524 711607201524 -514276847864 711607201524 711607201524 652306601397 593006001270 533705401143 474404801016 415104200889 355803600762 296503000635 237202400508 177901800381 118601200254 59300600127 
770907801651 -454976247737 770907801651 770907801651 711607201524 652306601397 593006001270 533705401143 474404801016 415104200889 355803600762 296503000635 237202400508 177901800381 118601200254 59300600127 
-395675647610 830208401778 830208401778 770907801651 711607201524 652306601397 593006001270 533705401143 474404801016 415104200889 355803600762 296503000635 237202400508 177901800381 118601200254 59300600127 
889509001905 889509001905 830208401778 770907801651 711607201524 652306601397 593006001270 533705401143 474404801016 415104200889 355803600762 296503000635 237202400508 177901800381 118601200254 59300600127 
948809602032 889509001905 830208401778 770907801651 711607201524 652306601397 593006001270 533705401143 474404801016 415104200889 355803600762 296503000635 237202400508 177901800381 118601200254 59300600127 
