 27679  36816
 27271  37319
 27352  37218
 31977  32067
 27844  36616
 27844  36616
 29864  34286
 29864  34286
 29864  34286
 29864  34286
 29864  34286
 29864  34286
 28009  36418
 27597  36916
 27679  36816
 32339  31708
 28174  36220
 28174  36220
 30210  33909
 30210  33909
 30210  33909
 30210  33909
 30210  33909
 30210  33909
 30123  34003
 29607  34571
 29692  34476
 34571  29607
 30210  33909
 30210  33909
 32430  31618
 32430  31618
 32430  31618
 32430  31618
 32430  31618
 32430  31618
 34191  29950
 33628  30470
 33815  30296
 39071  25908
 34381  29778
 34381  29778
 36716  27761
 36716  27761
 36716  27761
 36716  27761
 36716  27761
 36716  27761
 23823  41998
 23447  42561
 23522  42448
 27761  36716
 23975  41775
 23975  41775
 25829  39176
 25829  39176
 25829  39176
 25829  39176
 25829  39176
 25829  39176
 26305  38549
 25908  39071
 25987  38966
 30470  33628
 26464  38342
 26464  38342
 28424  35924
 28424  35924
 28424  35924
 28424  35924
 28424  35924
 28424  35924
 31977  32067
 31977  32067
 31977  32067
 31977  32067
 31977  32067
 31977  32067
 31977  32067
 31977  32067
 31977  32067
 31977  32067
 49782  19228
 34191  29950
 31977  32067
 31977  32067
 31977  32067
 31977  32067
 31977  32067
 31977  32067
 31977  32067
 31977  32067
 31977  32067
 31977  32067
 49782  19228
 34191  29950
 31977  32067
 31977  32067
 31977  32067
 31977  32067
 31977  32067
 31977  32067
 31977  32067
 31977  32067
 31977  32067
 31977  32067
 49782  19228
 34191  29950
 31977  32067
 31977  32067
 31977  32067
 31977  32067
 31977  32067
 31977  32067
 31977  32067
 31977  32067
 31977  32067
 31977  32067
 49782  19228
 34191  29950
 31977  32067
 31977  32067
 31977  32067
 31977  32067
 31977  32067
 31977  32067
 31977  32067
 31977  32067
 31977  32067
 31977  32067
 49782  19228
 34191  29950
 31977  32067
 31977  32067
 31977  32067
 31977  32067
 31977  32067
 31977  32067
 31977  32067
 31977  32067
 31977  32067
 31977  32067
 49782  19228
 34191  29950