 27352  37218 
 26146  38757 
 29607  34571 
 31351  32703 
 26625  38135 
 29436  34762 
 29436  34762 
 29436  34762 
 29436  34762 
 29436  34762 
 29436  34762 
 29436  34762 
 29096  35146 
 27761  36716 
 31440  32612 
 33163  30908 
 28257  36121 
 31262  32795 
 31262  32795 
 31262  32795 
 31262  32795 
 31262  32795 
 31262  32795 
 31262  32795 
 30123  34003 
 28843  35436 
 32612  31440 
 34381  29778 
 29351  34858 
 32430  31618 
 32430  31618 
 32430  31618 
 32430  31618 
 32430  31618 
 32430  31618 
 32430  31618 
 34286  29864 
 32795  31262 
 36916  27597 
 38861  26066 
 33348  30733 
 36716  27761 
 36716  27761 
 36716  27761 
 36716  27761 
 36716  27761 
 36716  27761 
 36716  27761 
 23899  41886 
 22778  43592 
 25987  38966 
 27515  37017 
 23149  43016 
 25829  39176 
 25829  39176 
 25829  39176 
 25829  39176 
 25829  39176 
 25829  39176 
 25829  39176 
 27679  36816 
 26464  38342 
 29950  34191 
 31618  32430 
 26866  37827 
 29778  34381 
 29778  34381 
 29778  34381 
 29778  34381 
 29778  34381 
 29778  34381 
 29778  34381 
 31977  32067 
 31977  32067 
 31977  32067 
 31977  32067 
 31977  32067 
 31977  32067 
 31977  32067 
 31977  32067 
 31977  32067 
 31977  32067 
 49649  19296 
 34666  29521 
 31977  32067 
 31977  32067 
 31977  32067 
 31977  32067 
 31977  32067 
 31977  32067 
 31977  32067 
 31977  32067 
 31977  32067 
 31977  32067 
 49649  19296 
 34666  29521 
 31977  32067 
 31977  32067 
 31977  32067 
 31977  32067 
 31977  32067 
 31977  32067 
 31977  32067 
 31977  32067 
 31977  32067 
 31977  32067 
 49649  19296 
 34666  29521 
 31977  32067 
 31977  32067 
 31977  32067 
 31977  32067 
 31977  32067 
 31977  32067 
 31977  32067 
 31977  32067 
 31977  32067 
 31977  32067 
 49649  19296 
 34666  29521 
 31977  32067 
 31977  32067 
 31977  32067 
 31977  32067 
 31977  32067 
 31977  32067 
 31977  32067 
 31977  32067 
 31977  32067 
 31977  32067 
 49649  19296 
 34666  29521 
 31977  32067 
 31977  32067 
 31977  32067 
 31977  32067 
 31977  32067 
 31977  32067 
 31977  32067 
 31977  32067 
 31977  32067 
 31977  32067 
 49649  19296 
 34666  29521 
