 18348  51537 
 22557  43941 
 20405  47583 
 18685  50854 
 21540  45605 
 24355  41221 
 25908  39071 
 27844  36616 
 27844  36616 
 27844  36616 
 27844  36616 
 27844  36616 
 13817  62514 
 17550  53218 
 15614  57711 
 14122  61650 
 16637  55261 
 19160  49914 
 20545  47331 
 22265  44410 
 22265  44410 
 22265  44410 
 22265  44410 
 22265  44410 
 16961  54521 
 20969  46583 
 18888  50449 
 17287  53793 
 19986  48347 
 22705  43708 
 24202  41442 
 26066  38861 
 26066  38861 
 26066  38861 
 26066  38861 
 26066  38861 
 22046  44765 
 26544  38238 
 24202  41442 
 22411  44175 
 25515  39599 
 28507  35826 
 30210  33909 
 32430  31618 
 32430  31618 
 32430  31618 
 32430  31618 
 32430  31618 
 14924  59475 
 18820  50583 
 16831  54815 
 15237  58665 
 17881  52510 
 20405  47583 
 21901  45004 
 23673  42222 
 23673  42222 
 23673  42222 
 23673  42222 
 23673  42222 
 12499  66523 
 16123  56470 
 14245  61308 
 12795  65581 
 15299  58504 
 17682  52934 
 19023  50181 
 20686  47080 
 20686  47080 
 20686  47080 
 20686  47080 
 20686  47080 
 26225  38653 
 24738  40674 
 26385  38445 
 41442  24202 
 30733  33348 
 30733  33348 
 30733  33348 
 30733  33348 
 30733  33348 
 30733  33348 
 54521  16961 
 35243  29012 
 27108  37522 
 25593  39493 
 27271  37319 
 42674  23373 
 31797  32248 
 31797  32248 
 31797  32248 
 31797  32248 
 31797  32248 
 31797  32248 
 56164  16251 
 36418  28009 
 27352  37218 
 25829  39176 
 27515  37017 
 43016  23149 
 31977  32067 
 31977  32067 
 31977  32067 
 31977  32067 
 31977  32067 
 31977  32067 
 56623  16059 
 36616  27844 
 27352  37218 
 25829  39176 
 27515  37017 
 43016  23149 
 31977  32067 
 31977  32067 
 31977  32067 
 31977  32067 
 31977  32067 
 31977  32067 
 56623  16059 
 36616  27844 
 27352  37218 
 25829  39176 
 27515  37017 
 43016  23149 
 31977  32067 
 31977  32067 
 31977  32067 
 31977  32067 
 31977  32067 
 31977  32067 
 56623  16059 
 36616  27844 
 21974  44884 
 20616  47205 
 22119  44647 
 35631  28675 
 26066  38861 
 26066  38861 
 26066  38861 
 26066  38861 
 26066  38861 
 26066  38861 
 46955  20757 
 30123  34003 
