 27190  37420 
 26225  38653 
 25281  39919 
 37420  27190 
 30470  33628 
 30470  33628 
 30470  33628 
 30470  33628 
 30470  33628 
 30470  33628 
 30470  33628 
 30470  33628 
 26947  37725 
 25987  38966 
 25047  40241 
 37218  27352 
 30210  33909 
 30210  33909 
 30210  33909 
 30210  33909 
 30210  33909 
 30210  33909 
 30210  33909 
 30210  33909 
 27027  37623 
 26066  38861 
 25125  40134 
 37218  27352 
 30296  33815 
 30296  33815 
 30296  33815 
 30296  33815 
 30296  33815 
 30296  33815 
 30296  33815 
 30296  33815 
 32979  31085 
 31887  32157 
 30821  33256 
 44765  22046 
 36716  27761 
 36716  27761 
 36716  27761 
 36716  27761 
 36716  27761 
 36716  27761 
 36716  27761 
 36716  27761 
 22852  43476 
 21974  44884 
 21111  46337 
 32067  31977 
 25829  39176 
 25829  39176 
 25829  39176 
 25829  39176 
 25829  39176 
 25829  39176 
 25829  39176 
 25829  39176 
 22852  43476 
 21974  44884 
 21111  46337 
 32157  31887 
 25829  39176 
 25829  39176 
 25829  39176 
 25829  39176 
 25829  39176 
 25829  39176 
 25829  39176 
 25829  39176 
 31977  32067 
 31977  32067 
 31977  32067 
 31977  32067 
 31977  32067 
 31977  32067 
 31977  32067 
 31977  32067 
 31977  32067 
 31977  32067 
 54963  16766 
 36716  27761 
 31977  32067 
 31977  32067 
 31977  32067 
 31977  32067 
 31977  32067 
 31977  32067 
 31977  32067 
 31977  32067 
 31977  32067 
 31977  32067 
 54963  16766 
 36716  27761 
 31977  32067 
 31977  32067 
 31977  32067 
 31977  32067 
 31977  32067 
 31977  32067 
 31977  32067 
 31977  32067 
 31977  32067 
 31977  32067 
 54963  16766 
 36716  27761 
 31977  32067 
 31977  32067 
 31977  32067 
 31977  32067 
 31977  32067 
 31977  32067 
 31977  32067 
 31977  32067 
 31977  32067 
 31977  32067 
 54963  16766 
 36716  27761 
 31977  32067 
 31977  32067 
 31977  32067 
 31977  32067 
 31977  32067 
 31977  32067 
 31977  32067 
 31977  32067 
 31977  32067 
 31977  32067 
 54963  16766 
 36716  27761 
 31977  32067 
 31977  32067 
 31977  32067 
 31977  32067 
 31977  32067 
 31977  32067 
 31977  32067 
 31977  32067 
 31977  32067 
 31977  32067 
 54963  16766 
 36716  27761 
