-639121  33815      0  33815      0  33815      0  33815      0  33815      0  33815      0  33815      0  33815      0  33815      0  33815      0  33815      0  33815      0  33815      0  33815      0  33815      0  33815 
 33815      0  33815      0  33815      0  33815      0  33815      0  33815      0  33815      0  33815      0  33815      0  33815      0  33815      0  33815      0  33815      0  33815      0  33815      0  33815      0 
     0  33815      0  33815      0  33815      0  33815      0  33815      0  33815      0  33815      0  33815      0  33815      0  33815      0  33815      0  33815      0  33815      0  33815      0  33815      0  33815 
 33815      0  33815      0  33815      0  33815      0  33815      0  33815      0  33815      0  33815      0  33815      0  33815      0  33815      0  33815      0  33815      0  33815      0  33815      0  33815      0 
     0  33815      0  33815      0  33815      0  33815      0  33815      0  33815      0  33815      0  33815      0  33815      0  33815      0  33815      0  33815      0  33815      0  33815      0  33815      0  33815 
 33815      0  33815      0  33815      0  33815      0  33815      0  33815      0  33815      0  33815      0  33815      0  33815      0  33815      0  33815      0  33815      0  33815      0  33815      0  33815      0 
     0  33815      0  33815      0  33815      0  33815      0  33815      0  33815      0  33815      0  33815      0  33815      0  33815      0  33815      0  33815      0  33815      0  33815      0  33815      0  33815 
 33815      0  33815      0  33815      0  33815      0  33815      0  33815      0  33815      0  33815      0  33815      0  33815      0  33815      0  33815      0  33815      0  33815      0  33815      0  33815      0 
     0  33815      0  33815      0  33815      0  33815      0  33815      0  33815      0  33815      0  33815      0  33815      0  33815      0  33815      0  33815      0  33815      0  33815      0  33815      0  33815 
 33815      0  33815      0  33815      0  33815      0  33815      0  33815      0  33815      0  33815      0  33815      0  33815      0  33815      0  33815      0  33815      0  33815      0  33815      0  33815      0 
     0  33815      0  33815      0  33815      0  33815      0  33815      0  33815      0  33815      0  33815      0  33815      0  33815      0  33815      0  33815      0  33815      0  33815      0  33815      0  33815 
 33815      0  33815      0  33815      0  33815      0  33815      0  33815      0  33815      0  33815      0  33815      0  33815      0  33815      0  33815      0  33815      0  33815      0  33815      0  33815      0 
     0  33815      0  33815      0  33815      0  33815      0  33815      0  33815      0  33815      0  33815      0  33815      0  33815      0  33815      0  33815      0  33815      0  33815      0  33815      0  33815 
 33815      0  33815      0  33815      0  33815      0  33815      0  33815      0  33815      0  33815      0  33815      0  33815      0  33815      0  33815      0  33815      0  33815      0  33815      0  33815      0 
     0  33815      0  33815      0  33815      0  33815      0  33815      0  33815      0  33815      0  33815      0  33815      0  33815      0  33815      0  33815      0  33815      0  33815      0  33815      0  33815 
 33815      0  33815      0  33815      0  33815      0  33815      0  33815      0  33815      0  33815      0  33815      0  33815      0  33815      0  33815      0  33815      0  33815      0  33815      0  33815      0 
     0  33815      0  33815      0  33815      0  33815      0  33815      0  33815      0  33815      0  33815      0  33815      0  33815      0  33815      0  33815      0  33815      0  33815      0  33815      0  33815 
 33815      0  33815      0  33815      0  33815      0  33815      0  33815      0  33815      0  33815      0  33815      0  33815      0  33815      0  33815      0  33815      0  33815      0  33815      0  33815      0 
     0  33815      0  33815      0  33815      0  33815      0  33815      0  33815      0  33815      0  33815      0  33815      0  33815      0  33815      0  33815      0  33815      0  33815      0  33815      0  33815 
 33815      0  33815      0  33815      0  33815      0  33815      0  33815      0  33815      0  33815      0  33815      0  33815      0  33815      0  33815      0  33815      0  33815      0  33815      0  33815      0 
     0  33815      0  33815      0  33815      0  33815      0  33815      0  33815      0  33815      0  33815      0  33815      0  33815      0  33815      0  33815      0  33815      0  33815      0  33815      0  33815 
 33815      0  33815      0  33815      0  33815      0  33815      0  33815      0  33815      0  33815      0  33815      0  33815      0  33815      0  33815      0  33815      0  33815      0  33815      0  33815      0 
     0  33815      0  33815      0  33815      0  33815      0  33815      0  33815      0  33815      0  33815      0  33815      0  33815      0  33815      0  33815      0  33815      0  33815      0  33815      0  33815 
 33815      0  33815      0  33815      0  33815      0  33815      0  33815      0  33815      0  33815      0  33815      0  33815      0  33815      0  33815      0  33815      0  33815      0  33815      0  33815      0 
     0  33815      0  33815      0  33815      0  33815      0  33815      0  33815      0  33815      0  33815      0  33815      0  33815      0  33815      0  33815      0  33815      0  33815      0  33815      0  33815 
 33815      0  33815      0  33815      0  33815      0  33815      0  33815      0  33815      0  33815      0  33815      0  33815      0  33815      0  33815      0  33815      0  33815      0  33815      0  33815      0 
     0  33815      0  33815      0  33815      0  33815      0  33815      0  33815      0  33815      0  33815      0  33815      0  33815      0  33815      0  33815      0  33815      0  33815      0  33815      0  33815 
 33815      0  33815      0  33815      0  33815      0  33815      0  33815      0  33815      0  33815      0  33815      0  33815      0  33815      0  33815      0  33815      0  33815      0  33815      0  33815      0 
     0  33815      0  33815      0  33815      0  33815      0  33815      0  33815      0  33815      0  33815      0  33815      0  33815      0  33815      0  33815      0  33815      0  33815      0  33815      0  33815 
 33815      0  33815      0  33815      0  33815      0  33815      0  33815      0  33815      0  33815      0  33815      0  33815      0  33815      0  33815      0  33815      0  33815      0  33815      0  33815      0 
     0  33815      0  33815      0  33815      0  33815      0  33815      0  33815      0  33815      0  33815      0  33815      0  33815      0  33815      0  33815      0  33815      0  33815      0  33815      0  33815 
 33815      0  33815      0  33815      0  33815      0  33815      0  33815      0  33815      0  33815      0  33815      0  33815      0  33815      0  33815      0  33815      0  33815      0  33815      0  33815      0 
