     0      0      0  14924      0  14924 -1519937  34097      0  14924      0  14924      0  14924      0  14924 
-74332      0  14924      0  14924 -1519937  34097      0  14924      0  14924      0  14924      0  14924      0 
     0  14924      0  14924 -1519937  34097      0  14924      0  14924      0  14924      0  14924      0  14924 
 44772      0  14924 -1519937  34097      0  14924      0  14924      0  14924      0  14924      0  14924      0 
     0  14924 -1519937  34097      0  14924      0  14924      0  14924      0  14924      0  14924      0  14924 
 74620 -1519937  34097      0  14924      0  14924      0  14924      0  14924      0  14924      0  14924      0 
-1519937  34097      0  14924      0  14924      0  14924      0  14924      0  14924      0  14924      0  14924 
-61227      0  14924      0  14924      0  14924      0  14924      0  14924      0  14924      0  14924      0 
     0  14924      0  14924      0  14924      0  14924      0  14924      0  14924      0  14924      0  14924 
134316      0  14924      0  14924      0  14924      0  14924      0  14924      0  14924      0  14924      0 
     0  14924      0  14924      0  14924      0  14924      0  14924      0  14924      0  14924      0  14924 
164164      0  14924      0  14924      0  14924      0  14924      0  14924      0  14924      0  14924      0 
     0  14924      0  14924      0  14924      0  14924      0  14924      0  14924      0  14924      0  14924 
194012      0  14924      0  14924      0  14924      0  14924      0  14924      0  14924      0  14924      0 
     0  14924      0  14924      0  14924      0  14924      0  14924      0  14924      0  14924      0  14924 
223860      0  14924      0  14924      0  14924      0  14924      0  14924      0  14924      0  14924      0 
