-34961603911650      0 -903290081737      0      0      0 -16122228162600      0      0 59300600127      0 59300600127      0 59300600127      0 59300600127 
     0 -4308366893970      0      0      0 -16122228162600      0      0 59300600127      0 59300600127      0 59300600127      0 59300600127      0 
-34204834076266      0      0      0 -16122228162600      0 -11644811283466 118601200254      0 59300600127      0 59300600127      0 59300600127      0 59300600127 
     0      0      0 -16122228162600      0 -11644811283466 118601200254      0 59300600127      0 59300600127      0 59300600127      0 59300600127      0 
     0      0 -16122228162600      0 -11644811283466 118601200254      0 59300600127      0 59300600127      0 59300600127      0 59300600127      0 59300600127 
     0 -16122228162600      0 -11644811283466 118601200254      0 59300600127      0 59300600127      0 59300600127      0 59300600127      0 59300600127      0 
-28122406652161      0 -11644811283466 118601200254      0 59300600127      0 355803600762      0 59300600127      0 59300600127      0 59300600127      0 59300600127 
     0 -11644811283466 118601200254      0 59300600127      0 355803600762      0 59300600127      0 59300600127      0 59300600127      0 59300600127      0 
-13267945294712 118601200254      0 59300600127      0 355803600762      0 59300600127      0 59300600127      0 59300600127      0 59300600127      0 59300600127 
118601200254      0 59300600127      0 355803600762      0 59300600127      0 59300600127      0 59300600127      0 59300600127      0 59300600127      0 
     0 59300600127      0 355803600762      0 59300600127      0 59300600127      0 59300600127      0 59300600127      0 59300600127      0 59300600127 
59300600127      0 355803600762      0 59300600127      0 59300600127      0 59300600127      0 59300600127      0 59300600127      0 59300600127      0 
     0 355803600762      0 59300600127      0 59300600127      0 59300600127      0 59300600127      0 59300600127      0 59300600127      0 59300600127 
355803600762      0 59300600127      0 59300600127      0 59300600127      0 59300600127      0 59300600127      0 59300600127      0 59300600127      0 
     0 59300600127      0 59300600127      0 59300600127      0 59300600127      0 59300600127      0 59300600127      0 59300600127      0 59300600127 
59300600127      0 59300600127      0 59300600127      0 59300600127      0 59300600127      0 59300600127      0 59300600127      0 59300600127      0 
