-663242311187      0 -378186299608      0 -2462190763082      0 -83461713767869      0 -237406004996      0      0 74042163972      0 74042163972      0 74042163972 
-14635811099472 -378186299608      0 -2462190763082      0 -86119065114238      0 -9070168604932      0      0 74042163972      0 74042163972      0 74042163972      0 
-7884502968006      0 -2462190763082      0 -86119065114238      0 -14676998498994 841060749015      0 74042163972      0 74042163972      0 74042163972      0 74042163972 
-8820403811384 -2462190763082      0 -86119065114238      0 -14676998498994 841060749015      0 74042163972      0 74042163972      0 74042163972      0 74042163972      0 
-2462190763082      0 -86119065114238      0 -14676998498994 841060749015      0 74042163972      0 74042163972      0 74042163972      0 74042163972      0 74042163972 
-17728356811102 -86119065114238      0 -14676998498994 841060749015      0 74042163972      0 74042163972      0 74042163972      0 74042163972      0 74042163972      0 
-86000059148673      0 -14676998498994 841060749015      0 74042163972      0 74042163972      0 74042163972      0 74042163972      0 74042163972      0 74042163972 
-54702689124079 -14676998498994 841060749015      0 74042163972      0 74042163972      0 74042163972      0 74042163972      0 74042163972      0 74042163972      0 
-14676998498994 841060749015      0 74042163972      0 74042163972      0 74042163972      0 74042163972      0 74042163972      0 74042163972      0 74042163972 
-1617210114318      0 74042163972      0 74042163972      0 74042163972      0 74042163972      0 74042163972      0 74042163972      0 74042163972      0 
     0 74042163972      0 74042163972      0 74042163972      0 74042163972      0 74042163972      0 74042163972      0 74042163972      0 74042163972 
814463803692      0 74042163972      0 74042163972      0 74042163972      0 74042163972      0 74042163972      0 74042163972      0 74042163972      0 
     0 74042163972      0 74042163972      0 74042163972      0 74042163972      0 74042163972      0 74042163972      0 74042163972      0 74042163972 
962548131636      0 74042163972      0 74042163972      0 74042163972      0 74042163972      0 74042163972      0 74042163972      0 74042163972      0 
     0 74042163972      0 74042163972      0 74042163972      0 74042163972      0 74042163972      0 74042163972      0 74042163972      0 74042163972 
1110632459580      0 74042163972      0 74042163972      0 74042163972      0 74042163972      0 74042163972      0 74042163972      0 74042163972      0 
