-639121  33815      0  33815      0  33815      0  33815      0  33815      0  33815      0  33815      0  33815      0  33815      0  33815      0  33815      0  33815      0  33815      0  33815      0  33815      0  33815 
 33815      0  33815      0  33815      0  33815      0  33815      0  33815      0  33815      0  33815      0  33815      0  33815      0  33815      0  33815      0  33815      0  33815      0  33815      0  33815      0 
     0  33815      0  33815      0  33815      0  33815      0  33815      0  33815      0  33815      0  33815      0  33815      0  33815      0  33815      0  33815      0  33815      0  33815      0  33815      0  33815 
101445      0  33815      0  33815      0  33815      0  33815      0  33815      0  33815      0  33815      0  33815      0  33815      0  33815      0  33815      0  33815      0  33815      0  33815      0  33815      0 
     0  33815      0  33815      0  33815      0  33815      0  33815      0  33815      0  33815      0  33815      0  33815      0  33815      0  33815      0  33815      0  33815      0  33815      0  33815      0  33815 
169075      0  33815      0  33815      0  33815      0  33815      0  33815      0  33815      0  33815      0  33815      0  33815      0  33815      0  33815      0  33815      0  33815      0  33815      0  33815      0 
     0  33815      0  33815      0  33815      0  33815      0  33815      0  33815      0  33815      0  33815      0  33815      0  33815      0  33815      0  33815      0  33815      0  33815      0  33815      0  33815 
236705      0  33815      0  33815      0  33815      0  33815      0  33815      0  33815      0  33815      0  33815      0  33815      0  33815      0  33815      0  33815      0  33815      0  33815      0  33815      0 
     0  33815      0  33815      0  33815      0  33815      0  33815      0  33815      0  33815      0  33815      0  33815      0  33815      0  33815      0  33815      0  33815      0  33815      0  33815      0  33815 
304335      0  33815      0  33815      0  33815      0  33815      0  33815      0  33815      0  33815      0  33815      0  33815      0  33815      0  33815      0  33815      0  33815      0  33815      0  33815      0 
     0  33815      0  33815      0  33815      0  33815      0  33815      0  33815      0  33815      0  33815      0  33815      0  33815      0  33815      0  33815      0  33815      0  33815      0  33815      0  33815 
371965      0  33815      0  33815      0  33815      0  33815      0  33815      0  33815      0  33815      0  33815      0  33815      0  33815      0  33815      0  33815      0  33815      0  33815      0  33815      0 
     0  33815      0  33815      0  33815      0  33815      0  33815      0  33815      0  33815      0  33815      0  33815      0  33815      0  33815      0  33815      0  33815      0  33815      0  33815      0  33815 
439595      0  33815      0  33815      0  33815      0  33815      0  33815      0  33815      0  33815      0  33815      0  33815      0  33815      0  33815      0  33815      0  33815      0  33815      0  33815      0 
     0  33815      0  33815      0  33815      0  33815      0  33815      0  33815      0  33815      0  33815      0  33815      0  33815      0  33815      0  33815      0  33815      0  33815      0  33815      0  33815 
507225      0  33815      0  33815      0  33815      0  33815      0  33815      0  33815      0  33815      0  33815      0  33815      0  33815      0  33815      0  33815      0  33815      0  33815      0  33815      0 
     0  33815      0  33815      0  33815      0  33815      0  33815      0  33815      0  33815      0  33815      0  33815      0  33815      0  33815      0  33815      0  33815      0  33815      0  33815      0  33815 
574855      0  33815      0  33815      0  33815      0  33815      0  33815      0  33815      0  33815      0  33815      0  33815      0  33815      0  33815      0  33815      0  33815      0  33815      0  33815      0 
     0  33815      0  33815      0  33815      0  33815      0  33815      0  33815      0  33815      0  33815      0  33815      0  33815      0  33815      0  33815      0  33815      0  33815      0  33815      0  33815 
642485      0  33815      0  33815      0  33815      0  33815      0  33815      0  33815      0  33815      0  33815      0  33815      0  33815      0  33815      0  33815      0  33815      0  33815      0  33815      0 
     0  33815      0  33815      0  33815      0  33815      0  33815      0  33815      0  33815      0  33815      0  33815      0  33815      0  33815      0  33815      0  33815      0  33815      0  33815      0  33815 
710115      0  33815      0  33815      0  33815      0  33815      0  33815      0  33815      0  33815      0  33815      0  33815      0  33815      0  33815      0  33815      0  33815      0  33815      0  33815      0 
     0  33815      0  33815      0  33815      0  33815      0  33815      0  33815      0  33815      0  33815      0  33815      0  33815      0  33815      0  33815      0  33815      0  33815      0  33815      0  33815 
777745      0  33815      0  33815      0  33815      0  33815      0  33815      0  33815      0  33815      0  33815      0  33815      0  33815      0  33815      0  33815      0  33815      0  33815      0  33815      0 
     0  33815      0  33815      0  33815      0  33815      0  33815      0  33815      0  33815      0  33815      0  33815      0  33815      0  33815      0  33815      0  33815      0  33815      0  33815      0  33815 
845375      0  33815      0  33815      0  33815      0  33815      0  33815      0  33815      0  33815      0  33815      0  33815      0  33815      0  33815      0  33815      0  33815      0  33815      0  33815      0 
     0  33815      0  33815      0  33815      0  33815      0  33815      0  33815      0  33815      0  33815      0  33815      0  33815      0  33815      0  33815      0  33815      0  33815      0  33815      0  33815 
913005      0  33815      0  33815      0  33815      0  33815      0  33815      0  33815      0  33815      0  33815      0  33815      0  33815      0  33815      0  33815      0  33815      0  33815      0  33815      0 
     0  33815      0  33815      0  33815      0  33815      0  33815      0  33815      0  33815      0  33815      0  33815      0  33815      0  33815      0  33815      0  33815      0  33815      0  33815      0  33815 
980635      0  33815      0  33815      0  33815      0  33815      0  33815      0  33815      0  33815      0  33815      0  33815      0  33815      0  33815      0  33815      0  33815      0  33815      0  33815      0 
     0  33815      0  33815      0  33815      0  33815      0  33815      0  33815      0  33815      0  33815      0  33815      0  33815      0  33815      0  33815      0  33815      0  33815      0  33815      0  33815 
1048265      0  33815      0  33815      0  33815      0  33815      0  33815      0  33815      0  33815      0  33815      0  33815      0  33815      0  33815      0  33815      0  33815      0  33815      0  33815      0 
