     0 -31627      0      0      0      0 -30197      0      0      0      0      0      0      0      0      0 
-31627      0      0      0      0 -30197  31797      0      0      0      0      0      0      0      0      0 
     0      0      0      0 -30197  31797      0      0      0      0      0      0      0      0      0      0 
     0      0      0 -30197  31797      0      0      0      0      0      0      0      0      0      0      0 
     0      0 -30197  31797      0      0      0      0      0      0      0      0      0      0      0      0 
     0 -30197  31797      0      0      0      0      0      0      0      0      0      0      0      0      0 
-30197  31797      0      0      0      0      0      0      0      0      0      0      0      0      0      0 
 31797      0      0      0      0      0      0      0      0      0      0      0      0      0      0      0 
     0      0      0      0      0      0      0      0      0      0      0      0      0      0      0      0 
     0      0      0      0      0      0      0      0      0      0      0      0      0      0      0      0 
     0      0      0      0      0      0      0      0      0      0      0      0      0      0      0      0 
     0      0      0      0      0      0      0      0      0      0      0      0      0      0      0      0 
     0      0      0      0      0      0      0      0      0      0      0      0      0      0      0      0 
     0      0      0      0      0      0      0      0      0      0      0      0      0      0      0      0 
     0      0      0      0      0      0      0      0      0      0      0      0      0      0      0      0 
     0      0      0      0      0      0      0      0      0      0      0      0      0      0      0      0 
