   794   682  -610  -399    64   269   340   283   208    92    29    23    55    82    74    54
   372    37   -92   -69   -27   -17   -11     2   -21   -23   -39   -34   -29   -25   -11    -2
  -269   -23    10     1   -15   -36   -49   -42   -19   -22   -20   -10   -13   -11    -8    -2
   204    34   -40   -41   -29    -9    -9   -10   -20   -21   -21   -17   -20   -18    -7    -6
  -481   194   102    65     0   -34   -56   -47   -22   -14     6    -6    -8   -10   -14   -10
   266  -127   -53   -48   -24    -1     3     2    10   -14   -17   -13   -10    -3     0    -7
 -2573   974   704   437   125  -129  -205  -196  -109     5    90    92    54    12   -22   -30
  -803   374   178   116    40    -4   -49   -41   -28    -1     7    25    24    11     3    -3
   391  -167   -84   -63   -20    14    28    31    28    25    -1    -8   -11    -4     4    -3
  -152    80    54    28    22    -6    -9     4    -9    10    12    12    16     2     5     1
   151   -34   -32   -34   -12    -1     8    24    32    21     7    -7    -2    -5     0     3
   -51    14    17    15    11    16    -3     0     7    -2    -3    11     8     2     1     5
    35    29    29   -22   -45   -47   -25    16    50    37    21    -8   -28   -16   -13    -2
   -86    76    21     4   -30   -23    -9     3    18    26    11     5    -6   -10   -13    -2
    57   -33   -20    -3     9    16    11     1   -11    -9   -10    -3     5     6     1    -3
   -15     5     7     0     0    -4    -5    -4     2     5    -3     0     3     4    -6    -4