-639121  33815  33815  33815  33815  33815  33815  33815  33815  33815  33815  33815  33815  33815  33815  33815  33815  33815  33815  33815  33815  33815  33815  33815  33815  33815  33815  33815  33815  33815  33815  33815 
 67630  67630  67630  67630  67630  67630  67630  67630  67630  67630  67630  67630  67630  67630  67630  67630  67630  67630  67630  67630  67630  67630  67630  67630  67630  67630  67630  67630  67630  67630  67630  33815 
101445 101445 101445 101445 101445 101445 101445 101445 101445 101445 101445 101445 101445 101445 101445 101445 101445 101445 101445 101445 101445 101445 101445 101445 101445 101445 101445 101445 101445 101445  67630  33815 
135260 135260 135260 135260 135260 135260 135260 135260 135260 135260 135260 135260 135260 135260 135260 135260 135260 135260 135260 135260 135260 135260 135260 135260 135260 135260 135260 135260 135260 101445  67630  33815 
169075 169075 169075 169075 169075 169075 169075 169075 169075 169075 169075 169075 169075 169075 169075 169075 169075 169075 169075 169075 169075 169075 169075 169075 169075 169075 169075 169075 135260 101445  67630  33815 
202890 202890 202890 202890 202890 202890 202890 202890 202890 202890 202890 202890 202890 202890 202890 202890 202890 202890 202890 202890 202890 202890 202890 202890 202890 202890 202890 169075 135260 101445  67630  33815 
236705 236705 236705 236705 236705 236705 236705 236705 236705 236705 236705 236705 236705 236705 236705 236705 236705 236705 236705 236705 236705 236705 236705 236705 236705 236705 202890 169075 135260 101445  67630  33815 
270520 270520 270520 270520 270520 270520 270520 270520 270520 270520 270520 270520 270520 270520 270520 270520 270520 270520 270520 270520 270520 270520 270520 270520 270520 236705 202890 169075 135260 101445  67630  33815 
304335 304335 304335 304335 304335 304335 304335 304335 304335 304335 304335 304335 304335 304335 304335 304335 304335 304335 304335 304335 304335 304335 304335 304335 270520 236705 202890 169075 135260 101445  67630  33815 
338150 338150 338150 338150 338150 338150 338150 338150 338150 338150 338150 338150 338150 338150 338150 338150 338150 338150 338150 338150 338150 338150 338150 304335 270520 236705 202890 169075 135260 101445  67630  33815 
371965 371965 371965 371965 371965 371965 371965 371965 371965 371965 371965 371965 371965 371965 371965 371965 371965 371965 371965 371965 371965 371965 338150 304335 270520 236705 202890 169075 135260 101445  67630  33815 
405780 405780 405780 405780 405780 405780 405780 405780 405780 405780 405780 405780 405780 405780 405780 405780 405780 405780 405780 405780 405780 371965 338150 304335 270520 236705 202890 169075 135260 101445  67630  33815 
439595 439595 439595 439595 439595 439595 439595 439595 439595 439595 439595 439595 439595 439595 439595 439595 439595 439595 439595 439595 405780 371965 338150 304335 270520 236705 202890 169075 135260 101445  67630  33815 
473410 473410 473410 473410 473410 473410 473410 473410 473410 473410 473410 473410 473410 473410 473410 473410 473410 473410 473410 439595 405780 371965 338150 304335 270520 236705 202890 169075 135260 101445  67630  33815 
507225 507225 507225 507225 507225 507225 507225 507225 507225 507225 507225 507225 507225 507225 507225 507225 507225 507225 473410 439595 405780 371965 338150 304335 270520 236705 202890 169075 135260 101445  67630  33815 
541040 541040 541040 541040 541040 541040 541040 541040 541040 541040 541040 541040 541040 541040 541040 541040 541040 507225 473410 439595 405780 371965 338150 304335 270520 236705 202890 169075 135260 101445  67630  33815 
574855 574855 574855 574855 574855 574855 574855 574855 574855 574855 574855 574855 574855 574855 574855 574855 541040 507225 473410 439595 405780 371965 338150 304335 270520 236705 202890 169075 135260 101445  67630  33815 
608670 608670 608670 608670 608670 608670 608670 608670 608670 608670 608670 608670 608670 608670 608670 574855 541040 507225 473410 439595 405780 371965 338150 304335 270520 236705 202890 169075 135260 101445  67630  33815 
642485 642485 642485 642485 642485 642485 642485 642485 642485 642485 642485 642485 642485 642485 608670 574855 541040 507225 473410 439595 405780 371965 338150 304335 270520 236705 202890 169075 135260 101445  67630  33815 
676300 676300 676300 676300 676300 676300 676300 676300 676300 676300 676300 676300 676300 642485 608670 574855 541040 507225 473410 439595 405780 371965 338150 304335 270520 236705 202890 169075 135260 101445  67630  33815 
710115 710115 710115 710115 710115 710115 710115 710115 710115 710115 710115 710115 676300 642485 608670 574855 541040 507225 473410 439595 405780 371965 338150 304335 270520 236705 202890 169075 135260 101445  67630  33815 
743930 743930 743930 743930 743930 743930 743930 743930 743930 743930 743930 710115 676300 642485 608670 574855 541040 507225 473410 439595 405780 371965 338150 304335 270520 236705 202890 169075 135260 101445  67630  33815 
777745 777745 777745 777745 777745 777745 777745 777745 777745 777745 743930 710115 676300 642485 608670 574855 541040 507225 473410 439595 405780 371965 338150 304335 270520 236705 202890 169075 135260 101445  67630  33815 
811560 811560 811560 811560 811560 811560 811560 811560 811560 777745 743930 710115 676300 642485 608670 574855 541040 507225 473410 439595 405780 371965 338150 304335 270520 236705 202890 169075 135260 101445  67630  33815 
845375 845375 845375 845375 845375 845375 845375 845375 811560 777745 743930 710115 676300 642485 608670 574855 541040 507225 473410 439595 405780 371965 338150 304335 270520 236705 202890 169075 135260 101445  67630  33815 
879190 879190 879190 879190 879190 879190 879190 845375 811560 777745 743930 710115 676300 642485 608670 574855 541040 507225 473410 439595 405780 371965 338150 304335 270520 236705 202890 169075 135260 101445  67630  33815 
913005 913005 913005 913005 913005 913005 879190 845375 811560 777745 743930 710115 676300 642485 608670 574855 541040 507225 473410 439595 405780 371965 338150 304335 270520 236705 202890 169075 135260 101445  67630  33815 
946820 946820 946820 946820 946820 913005 879190 845375 811560 777745 743930 710115 676300 642485 608670 574855 541040 507225 473410 439595 405780 371965 338150 304335 270520 236705 202890 169075 135260 101445  67630  33815 
980635 980635 980635 980635 946820 913005 879190 845375 811560 777745 743930 710115 676300 642485 608670 574855 541040 507225 473410 439595 405780 371965 338150 304335 270520 236705 202890 169075 135260 101445  67630  33815 
1014450 1014450 1014450 980635 946820 913005 879190 845375 811560 777745 743930 710115 676300 642485 608670 574855 541040 507225 473410 439595 405780 371965 338150 304335 270520 236705 202890 169075 135260 101445  67630  33815 
1048265 1048265 1014450 980635 946820 913005 879190 845375 811560 777745 743930 710115 676300 642485 608670 574855 541040 507225 473410 439595 405780 371965 338150 304335 270520 236705 202890 169075 135260 101445  67630  33815 
1082080 1048265 1014450 980635 946820 913005 879190 845375 811560 777745 743930 710115 676300 642485 608670 574855 541040 507225 473410 439595 405780 371965 338150 304335 270520 236705 202890 169075 135260 101445  67630  33815 
