 14924   2654  14924  14924  34097  14924 -1519937  34097  14924  14924  14924  14924  14924  14924  14924  14924 
-71678  29848  29848  49021  29848 -1478162 -135847  29848  29848  29848  29848  29848  29848  29848  29848  14924 
 44772  44772  63945  44772 -1463238 -101750  44772  44772  44772  44772  44772  44772  44772  44772  29848  14924 
 59696  78869  59696 -1448314 -86826  59696  59696  59696  59696  59696  59696  59696  59696  44772  29848  14924 
 93793  74620 -1433390 -71902  74620  74620  74620  74620  74620  74620  74620  74620  59696  44772  29848  14924 
 89544 -1418466 -56978  89544  89544  89544  89544  89544  89544  89544  89544  74620  59696  44772  29848  14924 
-1403542 -42054 104468 104468 104468 104468 104468 104468 104468 104468  89544  74620  59696  44772  29848  14924 
-27130 119392 119392 119392 119392 119392 119392 119392 119392 104468  89544  74620  59696  44772  29848  14924 
134316 134316 134316 134316 134316 134316 134316 134316 119392 104468  89544  74620  59696  44772  29848  14924 
149240 149240 149240 149240 149240 149240 149240 134316 119392 104468  89544  74620  59696  44772  29848  14924 
164164 164164 164164 164164 164164 164164 149240 134316 119392 104468  89544  74620  59696  44772  29848  14924 
179088 179088 179088 179088 179088 164164 149240 134316 119392 104468  89544  74620  59696  44772  29848  14924 
194012 194012 194012 194012 179088 164164 149240 134316 119392 104468  89544  74620  59696  44772  29848  14924 
208936 208936 208936 194012 179088 164164 149240 134316 119392 104468  89544  74620  59696  44772  29848  14924 
223860 223860 208936 194012 179088 164164 149240 134316 119392 104468  89544  74620  59696  44772  29848  14924 
238784 223860 208936 194012 179088 164164 149240 134316 119392 104468  89544  74620  59696  44772  29848  14924 
