-663242311187 266413050782 -378186299608 -6429992647754 -2462190763082 -18369984643913 -83461713767869 -48798219719459 -237406004996 495601572092 74042163972 74042163972 74042163972 74042163972 74042163972 74042163972 
-14369398048690 -32727122685 -6084533470831 -2116731586159 -18024525466990 -86119065114238 -56034369291496 -9070168604932 841060749015 148084327944 148084327944 148084327944 148084327944 148084327944 148084327944 74042163972 
-7884502968006 -6010491306859 -2042689422187 -17950483303018 -85773605937315 -55666247298028 -14676998498994 36317376478 222126491916 222126491916 222126491916 222126491916 222126491916 222126491916 148084327944 74042163972 
-8820403811384 -1968647258215 -17876441139046 -85699563773343 -55320788121105 -14331539322071 -1491819362086 296168655888 296168655888 296168655888 296168655888 296168655888 296168655888 222126491916 148084327944 74042163972 
-1894605094243 -17802398975074 -85625521609371 -55246745957133 -14257497158099 -1146360185163 370210819860 370210819860 370210819860 370210819860 370210819860 370210819860 296168655888 222126491916 148084327944 74042163972 
-17728356811102 -85551479445399 -55172703793161 -14183454994127 -1072318021191 444252983832 444252983832 444252983832 444252983832 444252983832 444252983832 370210819860 296168655888 222126491916 148084327944 74042163972 
-86000059148673 -55098661629189 -14109412830155 -998275857219 518295147804 518295147804 518295147804 518295147804 518295147804 518295147804 444252983832 370210819860 296168655888 222126491916 148084327944 74042163972 
-54702689124079 -14035370666183 -924233693247 592337311776 592337311776 592337311776 592337311776 592337311776 592337311776 518295147804 444252983832 370210819860 296168655888 222126491916 148084327944 74042163972 
-13961328502211 -850191529275 666379475748 666379475748 666379475748 666379475748 666379475748 666379475748 592337311776 518295147804 444252983832 370210819860 296168655888 222126491916 148084327944 74042163972 
-776149365303 740421639720 740421639720 740421639720 740421639720 740421639720 740421639720 666379475748 592337311776 518295147804 444252983832 370210819860 296168655888 222126491916 148084327944 74042163972 
814463803692 814463803692 814463803692 814463803692 814463803692 814463803692 740421639720 666379475748 592337311776 518295147804 444252983832 370210819860 296168655888 222126491916 148084327944 74042163972 
888505967664 888505967664 888505967664 888505967664 888505967664 814463803692 740421639720 666379475748 592337311776 518295147804 444252983832 370210819860 296168655888 222126491916 148084327944 74042163972 
962548131636 962548131636 962548131636 962548131636 888505967664 814463803692 740421639720 666379475748 592337311776 518295147804 444252983832 370210819860 296168655888 222126491916 148084327944 74042163972 
1036590295608 1036590295608 1036590295608 962548131636 888505967664 814463803692 740421639720 666379475748 592337311776 518295147804 444252983832 370210819860 296168655888 222126491916 148084327944 74042163972 
1110632459580 1110632459580 1036590295608 962548131636 888505967664 814463803692 740421639720 666379475748 592337311776 518295147804 444252983832 370210819860 296168655888 222126491916 148084327944 74042163972 
1184674623552 1110632459580 1036590295608 962548131636 888505967664 814463803692 740421639720 666379475748 592337311776 518295147804 444252983832 370210819860 296168655888 222126491916 148084327944 74042163972 
