     0      0      0      0      0      0      0      0      0      0      1      1      1      1      1      1 
     0      0      0      0      0      0      0      0      0      1      2      2      2      2      2      1 
     1      1      1      1      0      0      0      1      1      2      3      3      3      3      3      1 
     2      2      2      1      0      0      0      1      2      3      4      4      4      4      4      1 
     3      3      3      1      1      0      1      1      3      4      5      5      5      5      5      1 
     4      4      4      1      2      1      2      1      4      5      6      6      6      6      6      1 
     5      5      5      1      3      2      3      1      5      6      7      7      7      7      7      1 
     6      6      6      1      4      3      4      1      6      7      8      8      8      8      8      1 
     7      7      7      1      5      4      5      1      7      8      9      9      9      9      9      1 
     8      8      8      1      6      5      6      1      8      9     10     10     10     10     10      1 
     9      9      9      1      7      6      7      1      9     10     11     11     11     11     11      1 
    10     10     10      1      8      7      8      1     10     11     12     12     12     12     12      1 
    11     11     11      1      9      8      9      1     11     12     13     13     13     13     13      1 
    12     12     12      1     10      9     10      1     12     13     14     14     14     14     14      1 
    13     13     13      1     11     10     11      1     13     14     15     15     15     15     15      1 
    14     14     14      1     12     11     12      1     14     15     16     16     16     16     16      1 
