     1      0      1      1      0      1      0      0      1      1      1      1      1      1      1      1 
     0      2      2      1      2      0      1      2      2      2      2      2      2      2      2      1 
     3      3      2      3      1      0      3      3      3      3      3      3      3      3      2      1 
     4      3      4      2      1      4      4      4      4      4      4      4      4      3      2      1 
     4      5      3      2      5      5      5      5      5      5      5      5      4      3      2      1 
     6      4      3      6      6      6      6      6      6      6      6      5      4      3      2      1 
     5      4      7      7      7      7      7      7      7      7      6      5      4      3      2      1 
     5      8      8      8      8      8      8      8      8      7      6      5      4      3      2      1 
     9      9      9      9      9      9      9      9      8      7      6      5      4      3      2      1 
    10     10     10     10     10     10     10      9      8      7      6      5      4      3      2      1 
    11     11     11     11     11     11     10      9      8      7      6      5      4      3      2      1 
    12     12     12     12     12     11     10      9      8      7      6      5      4      3      2      1 
    13     13     13     13     12     11     10      9      8      7      6      5      4      3      2      1 
    14     14     14     13     12     11     10      9      8      7      6      5      4      3      2      1 
    15     15     14     13     12     11     10      9      8      7      6      5      4      3      2      1 
    16     15     14     13     12     11     10      9      8      7      6      5      4      3      2      1 
