 -5832  -988   366  1077   244  -355  -912    10   -57   301   443  -195   171  -598  -254   783    13  -195    69   -69     8   142   -57   -55    29    24   -97    69    31    -6   -19    29
 -1441  -312  -219   128  -168   745   162   163  -352  -299    55   196   216    43   -23  -141  -226   -38    59   -13  -127   -44    67   -30   -72   -31   -17    10    -1    -6    28   -39
   -30  -487   211  -295  -234  -279   264   215   227   117  -213  -197   -83   353   131  -190    22    32   131    10    14    42   -40     2    49   -66    76   -13    54     0   -24    31
    34    83  -320   176    34   -51  -304  -238    28   131   172    42   -62  -151  -157   -43    74    -5   -27    81    65   -10   -47   -75   -55    30    64    -1   -41    39     3    22
   -31  -190   109   -61   -48   -29    -9    62   -30    29    42    23    18    21    41  -146   -33    58   -53    42   -50    -8    -2   -22   -60   -22   -90     7   -44   -21    23    -3
   101    14  -191  -146    28    -6   104   -10    -4    20   -10    31     5   -32    -2    80    83     7   -23   -58    22    60    61    91    -3   -33    11   -45    45    17     8   -32
    49    -3    84    95   -67    30   -66   129    57   -36   -83  -152     3   108    51   -13   -49   -45   -16   -53    34    22    24    -1    28   -20    -5   -43   -24    -3     8    50
    66   -25   104     7   188    17    82   -82  -140    18   -14    76    20   -71    47   -40   -32  -106   -60   109    19    10   -32   -17     4    25   -37    23   -25    33    35    -4
    27   120    24    85    44    25    89   -66    59  -107    20    68    64    56  -135   -48   -31    90    80   -78     6    34   -34    31   -98   -23    18     9    28     4   -20     9
     7    17    -4   -14  -106    28   -94    89   -39    56    54   -63   -36   -43    40    64    30   -19    27   105    11   -62   -29   -58    58   -11     3     8     3     8    18    -9
    32   -54   -63   -88   -50   -95   -21    82    47   123  -125     2   -89   -74    99    -8    84    87     4   -27   -26   -31    12   -32    -5    23    12    16    16    -4   -15     2
   -25  -152   -23   -29    34   -13    34   -98    51   -28    51   -69   -60    37   -65    68    23    49    69   -60   -25   -15   -59    48   -28    -1    21    22    -7     6    -3     7
   -63   -43   -51    23    88    86    69    -8   -65  -123    -5    -6    63   -18    27   -16     1    13   -33    33   -17   -26     9   -43    -2     4   -17     7    -1     3    16     1
    15     1   -25    73    12   131    56    69   -77     9  -193   -15    46    46   102   -49   -12    -3   -12    -5    33     2   -21   -11    11    -7    21   -10    15     8    13    10
    -6   -29    95    25    65    47   -20    56   -19   -78   -12   -33   -81    41   -25    91    35   -40    -1   -15    -9    -1     3     7   -11    12    19     9     8     9   -11    -5
    10     4   -15    28    63   -53    55   -76    37    32   -23   -41   -56   -47     2    37    12    72   -22   -50   -39   -21   -17    -4    39    21    -5    17     2    -7    -7   -12
    -7   -24    -8   -53   -45    27    -2    12    -3   -10    18    -3     0   -27    -2     1    47    -3     1     5   -28   -54   -22     9   -13     7    21   -16    -7    -9    -1    -6
    -9   -21   -53   -17   -15   -15     2    47    20    19    -8    -9    27    37    35   -25   -25    18    34     7   -20     4    -3    -7     1    -9    -8    11    11    -7   -11     3
   -23   -30   -10   -27   -39    -7    -4     3    20    30    27    -5    21     1     7    31    17    -9   -34    18    26    25   -13    -3     1     5    19    -6   -16     0    18    -4
    36     1   -10    -5     2     0    -6   -12   -29     8    -8    61   -16     5   -28   -21     7    11    34   -53    -6    -1    37    38   -22    -1    -7    -4    17    -2    -7    -6
    13    30    45    31    28   -16   -19   -32   -34   -12   -18     1    27    13   -10   -25   -43   -25   -45    34    19     1    -9   -15    31     3   -23   -14   -17    11     1     9
    31    52    59    37    14    -9   -11   -35    12   -54    29   -24    42     8     9     9   -49   -60   -13    17    -9    46     1     6   -13   -16     4    -5    -8   -12     6     4
    50    49    15    15   -16     7   -13    -9    -1    18    12    24    -7   -23    38   -18    10    -3   -16   -36    25    11    18    17   -14     6   -14    -6    28    -8   -15    -8
   -10     9    12   -13   -28   -38   -20    18     0    51    -4    28    -8     4   -19    10    12     6    22    -8   -18   -25    19     9    16    -8     4    17   -25     0    -3     4
     2   -12   -49   -41   -17   -23     8   -12    18   -10    29    13    -6    11   -31    12    -3    23    17     1    -6     2   -25    -6    19    23    -3   -13    -5     2    -1     4
   -19   -46    -6   -14   -25     2   -11    -7     5    -4     1   -12    33   -11    28   -13   -20    10    -9    20    13   -13    -3    12   -16    -4     8     0     5    -3    -1     0
    -9   -12   -13     4    22     3    -7     5   -20    -9     0    -4     2     7     7    -8    15   -30     0   -15     6    24    14   -23    -6    -4    -5    12     1     4     1     1
     1     8    12    15     8    10    10    -7    -6     4   -17    10   -23     6     0     0    -1    -4    -1    -9     8    -5    -3     7    -3    -4     2    -5     0     4     3    -5
    19    11    19    15    13     4     6    11     3    -9    -4   -14     3    -2    -9    -3    -6    14    -1     4   -12   -10     3     0     2     9    -4    -4     4     0     0     5
    15     0     0     1     2    21     6     2    -8    -2     2    -1    -1    -9     3     1     7     2     0    -1    -2     0    -6    -5     6    -3     5     1    -3     3     1    -1
    -8    -9    -3     4     4    -3     2     4     4    -1    -3    -3    -1    -3     3     8     3     1     5     4    -5    -2    -4    -2    -1     0    -4    -1     4    -1     0     0
     3    -9    -2    -9    -1     3     2     4     2    -3    -2    -6    -2     2     6     2     1     0     0    -2     2    -1    -2    -1    -3     1     2    -4     1     0    -1     0