   344    285   -326   -710   -461  -1098  -2268   1751    317    271     67     39    -36    102    -29    -12 
   980   -194     71     -3    189    473    748   -815   -146   -134    -26      7      0   -122     10      1 
  -803    132    -44     63     86    279    661   -390    -92    -82    -53    -12     25    -52     -6     -4 
  -516     88    -35     54     42    142    398   -259    -56    -51    -17    -44    -12     30      2     -3 
    64     13      2     18     16     32    148    -69    -16    -15    -18    -28     -8     62     -4      1 
   279    -25      1    -21     -6    -38    -79     43     -2     -5      7    -13    -27     66      0      4 
   369    -42    -20    -38    -21    -84   -175    149     18     38     12      2     -6     41      8      6 
   316    -41    -16    -29    -19    -58   -176    133     31     41      8     16      1     -9      3      4 
   217    -25    -18    -12    -10    -29   -119     79     30     28     25     27     20    -31      8      5 
    90    -10      9     11     -7     24    -13     13     13     11     -7     22     24    -34      2     -3 
    17      8     -1     17      4     47     68    -47     -6     10    -10     14     20    -18      4      1 
     5      6     -1     11     10     32     88    -58    -25     -6     -1      1     -2     13     -2      4 
    43      6      4     10     12     26     58    -43    -18     -5      5     -2     -7     26     -2      1 
    77     -4      0      2      1      4     18     -7    -14     -4     -5    -16    -10     34      0      4 
    79      0      4    -10      0     -3     -3      5     -5      5     -4      4     -8     12      2      4 
    62    -10     -4     -7     -3     -5    -16     16      9      7      3      4     -1      6      0      2 
