309603235722 299096705339 307830195397 375043621203 375043621203 306077418390 261690620311 348336568079 305195964057 305195964057      0      0      0      0      0      0 
279603393423 307830195397 375043621203 375043621203 306077418390 261690620311 348336568079 305195964057 305195964057      0      0      0      0      0      0      0 
307830195397 375043621203 375043621203 306077418390 261690620311 348336568079 285449360666 305195964057      0      0      0      0      0      0      0      0 
375043621203 375043621203 306077418390 261690620311 348336568079 285449360666 305195964057      0      0      0      0      0      0      0      0      0 
375043621203 306077418390 261690620311 348336568079 285449360666 305195964057      0      0      0      0      0      0      0      0      0      0 
306077418390 261690620311 348336568079 285449360666 305195964057      0      0      0      0      0      0      0      0      0      0      0 
326725739432 348336568079 285449360666 305195964057      0      0      0      0      0      0      0      0      0      0      0      0 
348336568079 285449360666 305195964057      0      0      0      0      0      0      0      0      0      0      0      0      0 
285449360666 305195964057      0      0      0      0      0      0      0      0      0      0      0      0      0      0 
305195964057      0      0      0      0      0      0      0      0      0      0      0      0      0      0      0 
     0      0      0      0      0      0      0      0      0      0      0      0      0      0      0      0 
     0      0      0      0      0      0      0      0      0      0      0      0      0      0      0      0 
     0      0      0      0      0      0      0      0      0      0      0      0      0      0      0      0 
     0      0      0      0      0      0      0      0      0      0      0      0      0      0      0      0 
     0      0      0      0      0      0      0      0      0      0      0      0      0      0      0      0 
     0      0      0      0      0      0      0      0      0      0      0      0      0      0      0      0 
