     0      1      2      3     -1      5      6      7     -1     -1     -1     -1     -1     -1     -1     -1 
     1      1      3     -1      5      6      7     -1     -1     -1     -1     -1     -1     -1     -1     -1 
     0      3     -1      5      6      7      6      7     -1     -1     -1     -1     -1     -1     -1     -1 
     3     -1      5      6      7      6      7     -1     -1     -1     -1     -1     -1     -1     -1     -1 
    -1      5      6      7      6      7     -1     -1     -1     -1     -1     -1     -1     -1     -1     -1 
     5      6      7      6      7     -1     -1     -1     -1     -1     -1     -1     -1     -1     -1     -1 
     0      7      6      7     -1     -1     -1      7     -1     -1     -1     -1     -1     -1     -1     -1 
     7      6      7     -1     -1     -1      7     -1     -1     -1     -1     -1     -1     -1     -1     -1 
     0      7     -1     -1     -1      7     -1     -1     -1     -1     -1     -1     -1     -1     -1     -1 
     7     -1     -1     -1      7     -1     -1     -1     -1     -1     -1     -1     -1     -1     -1     -1 
    -1     -1     -1      7     -1     -1     -1     -1     -1     -1     -1     -1     -1     -1     -1     -1 
    -1     -1      7     -1     -1     -1     -1     -1     -1     -1     -1     -1     -1     -1     -1     -1 
    -1      7     -1     -1     -1     -1     -1     -1     -1     -1     -1     -1     -1     -1     -1     -1 
     7     -1     -1     -1     -1     -1     -1     -1     -1     -1     -1     -1     -1     -1     -1     -1 
    -1     -1     -1     -1     -1     -1     -1     -1     -1     -1     -1     -1     -1     -1     -1     -1 
    -1     -1     -1     -1     -1     -1     -1     -1     -1     -1     -1     -1     -1     -1     -1     -1 
