 	-269      1086      1025       217       113      -233      -495        44       308       -27       -44       105        37       -50       -66         6
       199        68      -142      -192      -239        11       162       -11       -96         5        60       -47       -21        24         6        -7
      -398      -165      -227        87       -76        40       137        27       -70       -16        17       -19        -2        28       -11        12
        30      -109       150        83       -73        -7        69         5       -56        19        30        -3       -46        18        11        -2
      -247        -6      -177        12        26        59       198        -2       -60       -27         1        -6        15        10        34         3
       278      -204       288      -105       -21         7       -38        24       -39        28        12        21       -29         4         4         3
      -944       -60      -864       119       162       308       400        54       -78      -111       -63        21        78        61        22         5
      -148      -432      -131       -96       100       124       121        33       -45       -71       -24        -1        28        23        11         7
       355       -33       291       -54       -24       -31       -54        13        29        12        -4        11       -34       -13         6        -3
      -135         6      -146        49        -7        29         3         7        11       -30         1       -12        30        -1        -3         5
        77       103         4        42       -44        -5       -48        15        43        16       -28         4       -19         3        -8        10
      -130       128      -142        57         5        -8        14       -24        12         3       -20         5         9        -4        -9         2
        39        25        -1       -48        -1       -33        13        13        39         4       -21       -15        -7         0         9        10
       -94        84      -134       -15       -51       -34        42        22        36        20       -30       -23       -23        -9        10         9
        19        20        34         3        13         0       -11         2       -25         1        14         4         8        -3        -6        -4
        -9        10       -18         3        -1        -9         9        -2         2         2         3         4        -4         1         4         2