306077418390 638709915019 325803758463 342602049085      0 409896528163 409896528163 412095098166      0      0      0      0      0      0      0      0 
638709915019 325803758463 342602049085      0 409896528163 409896528163 412095098166      0      0      0      0      0      0      0      0      0 
325803758463 342602049085      0 409896528163 409896528163 412095098166 457170849057 412095098166      0      0      0      0      0      0      0      0 
342602049085      0 409896528163 409896528163 412095098166 457170849057 412095098166      0      0      0      0      0      0      0      0      0 
     0 409896528163 409896528163 412095098166 457170849057 412095098166      0      0      0      0      0      0      0      0      0      0 
409896528163 409896528163 412095098166 457170849057 412095098166      0      0      0      0      0      0      0      0      0      0      0 
428923783765 412095098166 457170849057 412095098166      0      0      0 376056787103      0      0      0      0      0      0      0      0 
412095098166 457170849057 412095098166      0      0      0 376056787103      0      0      0      0      0      0      0      0      0 
457170849057 412095098166      0      0      0 376056787103      0      0      0      0      0      0      0      0      0      0 
412095098166      0      0      0 376056787103      0      0      0      0      0      0      0      0      0      0      0 
     0      0      0 376056787103      0      0      0      0      0      0      0      0      0      0      0      0 
     0      0 376056787103      0      0      0      0      0      0      0      0      0      0      0      0      0 
     0 376056787103      0      0      0      0      0      0      0      0      0      0      0      0      0      0 
376056787103      0      0      0      0      0      0      0      0      0      0      0      0      0      0      0 
     0      0      0      0      0      0      0      0      0      0      0      0      0      0      0      0 
     0      0      0      0      0      0      0      0      0      0      0      0      0      0      0      0 
