 39282  28759  28759   7308  28759  28759  49649  39282  28759   7308   7308   7308   7308   7308   7308   7308 
 28759  28759   7308  28759   7308  49649  39282  28759   7308   7308   7308   7308   7308   7308   7308   7308 
  7308   7308   7308   7308   7308   7308  28759   7308   7308   7308   7308   7308   7308   7308   7308   7308 
 28759   7308   7308   7308   7308  28759  28759   7308   7308   7308   7308   7308   7308   7308   7308   7308 
  7308   7308   7308   7308   7308   7308   7308   7308   7308   7308   7308   7308   7308   7308   7308   7308 
 28759   7308   7308   7308   7308   7308   7308   7308   7308   7308   7308   7308   7308   7308   7308   7308 
  7308   7308   7308   7308   7308   7308   7308   7308   7308   7308   7308   7308   7308   7308   7308   7308 
 28759   7308   7308   7308   7308   7308   7308   7308   7308   7308   7308   7308   7308   7308   7308   7308 
  7308   7308   7308   7308   7308   7308   7308   7308   7308   7308   7308   7308   7308   7308   7308   7308 
  7308   7308   7308   7308   7308   7308   7308   7308   7308   7308   7308   7308   7308   7308   7308   7308 
  7308   7308   7308   7308   7308   7308   7308   7308   7308   7308   7308   7308   7308   7308   7308   7308 
  7308   7308   7308   7308   7308   7308   7308   7308   7308   7308   7308   7308   7308   7308   7308   7308 
  7308   7308   7308   7308   7308   7308   7308   7308   7308   7308   7308   7308   7308   7308   7308   7308 
  7308   7308   7308   7308   7308   7308   7308   7308   7308   7308   7308   7308   7308   7308   7308   7308 
  7308   7308   7308   7308   7308   7308   7308   7308   7308   7308   7308   7308   7308   7308   7308   7308 
  7308   7308   7308   7308   7308   7308   7308   7308   7308   7308   7308   7308   7308   7308   7308   7308 
