          134631            71840            33959            35496            33864            33959            33819            33819            33819            33864            33840            33840            33840            33815            33819            33819            33819            33864            33840            33819            33819            33819            33819            33864            33815            33819            33819            33819            33819            33819            33815            33815 
           42279            35111            37911            33915            33915            33864            33840            33819            33819            33819            33819            33815            33819            33815            33819            33819            33819            33815            33815            33815            33840            33815            33819            33819            33815            33840            33819            33819            33815            33840            33819            33815 
           43815            35496            34715            33819            33840            33815            33819            33840            33815            33819            33819            33815            33819            33815            33819            33840            33819            33864            33840            33819            33840            33819            33819            33840            33959            33815            33815            33815            33815            33819            33840            33819 
           48944            35259            33915            33959            34139            33840            33840            33819            33840            33819            33815            33819            33840            33815            33819            33840            33819            33819            33819            33840            33815            33819            33815            33840            33840            33819            33819            33815            33815            33815            33815            33815 
           36119            34715            35259            33959            33959            33815            33819            33815            33819            33819            33819            33815            33819            33815            33819            33819            33819            33815            33819            33819            33819            33819            33819            33840            33815            33819            33819            33819            33819            33815            33815            33815 
           35111            35111            34599            33864            33815            33864            33819            33815            33819            33819            33815            33815            33819            33815            33819            33819            33819            33819            33819            33840            33840            33815            33819            33819            33815            33864            33819            33815            33815            33819            33819            33815 
           38999            38171            34040            34139            33864            33864            33915            33815            33840            33815            33819            33819            33815            33819            33819            33840            33840            33864            33819            33819            33815            33815            33864            33815            33815            33864            33815            33815            33815            33819            33815            33815 
           51504            35664            34344            34599            33864            33915            33815            33815            33819            33815            33819            33819            33815            33815            33840            33840            33819            33840            33840            33819            33815            33815            33819            33815            33815            33864            33840            33819            33819            33815            33819            33840 
           60711            35111            35111            33959            33959            33819            33840            33819            33819            33840            33815            33815            33815            33815            33840            33840            33815            33815            33819            33819            33840            33819            33815            33840            33840            33815            33840            33819            33815            33815            33819            33819 
           48944            34904            34344            33915            34344            33815            33959            33819            33815            33815            33819            33815            33815            33815            33819            33819            33815            33819            33815            33819            33819            33819            33815            33819            33840            33840            33819            33840            33815            33819            33819            33815 
           36731            33915            33864            34344            34139            33819            33840            33819            33840            33819            33815            33819            33815            33819            33819            33840            33815            33840            33819            33864            33819            33819            33815            33864            33819            33840            33815            33819            33819            33815            33819            33815 
           34599            34139            33819            34440            33864            33959            33819            33815            33959            33819            33815            33840            33815            33819            33815            33815            33815            33819            33840            33819            33840            33840            33815            33819            33819            33819            33819            33840            33819            33819            33815            33815 
           34599            33864            33915            33959            33915            34040            33819            33840            33819            33819            33819            33815            33815            33815            33815            33819            33815            33819            33819            33864            33819            33819            33819            33815            33815            33819            33815            33819            33815            33815            33819            33815 
           33959            34215            33959            33819            34139            34215            33815            33819            33819            33819            33819            33815            33815            33815            33815            33815            33819            33819            33840            33819            33819            33819            33840            33815            33819            33815            33815            33819            33819            33815            33815            33819 
           36951            36951            33915            33864            33959            33840            33959            33815            33864            33819            33819            33840            33815            33819            33840            33815            33840            33819            33819            33840            33840            33819            33864            33819            33819            33815            33819            33819            33815            33819            33815            33819 
           44840            36731            33864            33819            33840            33840            34040            33815            33819            33819            33819            33840            33815            33819            33819            33819            33819            33819            33815            33815            33819            33819            33815            33819            33819            33815            33819            33815            33815            33819            33819            33815 
           40871            34599            33819            33840            33840            33959            33915            33840            33819            33815            33815            33815            33815            33819            33815            33815            33819            33819            33840            33819            33840            33840            33819            33819            33819            33819            33815            33840            33819            33815            33819            33819 
           35111            33864            33840            33819            33840            33915            33840            33915            33840            33819            33819            33819            33815            33819            33815            33815            33864            33815            33819            33815            33819            33915            33815            33840            33819            33819            33840            33815            33815            33819            33815            33815 
           34715            33915            33819            33819            33840            33840            33840            33959            33819            33819            33819            33815            33819            33815            33815            33815            33840            33819            33840            33840            33915            33819            33840            33819            33815            33815            33815            33819            33819            33819            33815            33815 
           35496            33959            33819            33819            33819            33815            33840            33864            33815            33819            33815            33815            33815            33819            33819            33819            33819            33840            33815            33819            33815            33815            33840            33819            33840            33864            33819            33819            33815            33819            33815            33815 
           34904            33864            33819            33815            33840            33815            33840            33840            33915            33815            33819            33815            33840            33819            33815            33819            33815            33819            33819            33819            33864            33840            33815            33864            33840            33840            33815            33819            33815            33819            33819            33815 
           33915            33864            33819            33819            33819            33840            33819            33819            33915            33819            33819            33815            33819            33819            33815            33819            33819            33864            33819            33819            33815            33840            33864            33840            33819            33819            33819            33819            33815            33819            33819            33815 
           33840            33864            33819            33819            33815            33819            33819            33815            33915            33819            33819            33819            33819            33815            33815            33815            33840            33819            33840            33840            33815            33840            33819            33864            33864            33819            33815            33815            33815            33819            33815            33815 
           33819            33864            33819            33840            33815            33819            33815            33840            33819            33864            33819            33819            33819            33815            33815            33819            33840            33819            33819            33815            33819            33819            33864            33840            33840            33864            33819            33815            33815            33815            33819            33819 
           33819            33840            33815            33815            33819            33819            33815            33819            33815            33915            33815            33815            33819            33819            33815            33840            33840            33819            33815            33819            33864            33819            33819            33840            33815            33840            33819            33840            33815            33819            33819            33819 
           34040            33915            33840            33819            33819            33819            33815            33819            33840            33840            33815            33815            33815            33815            33864            33819            33815            33819            33840            33815            33864            33819            33819            33815            33819            33819            33840            33840            33819            33840            33819            33819 
           34040            33864            33840            33815            33815            33819            33815            33819            33819            33815            33819            33864            33815            33819            33819            33819            33819            33819            33819            33840            33864            33864            33815            33840            33840            33815            33819            33840            33815            33819            33819            33815 
           33959            33819            33819            33840            33815            33815            33819            33819            33819            33840            33864            33819            33815            33840            33819            33815            33815            33840            33815            33819            33819            33864            33840            33840            33864            33819            33819            33815            33819            33819            33815            33819 
           33815            33840            33819            33819            33815            33815            33815            33815            33819            33815            33819            33819            33840            33840            33840            33819            33819            33840            33819            33840            33819            33840            33815            33819            33840            33819            33840            33819            33819            33819            33819            33819 
           33819            33819            33819            33819            33819            33815            33819            33815            33819            33840            33819            33840            33815            33815            33819            33819            33819            33819            33815            33819            33819            33915            33840            33840            33815            33819            33840            33815            33840            33819            33819            33815 
           33915            33819            33840            33819            33815            33819            33815            33815            33840            33819            33819            33864            33915            33819            33819            33815            33815            33819            33819            33815            33819            34040            33864            33864            33840            33819            33864            33840            33819            33819            33819            33819 
           33915            33819            33815            33819            33815            33819            33840            33819            33819            33819            33815            33815            33819            33819            33819            33815            33815            33840            33815            33819            33864            33840            33915            33915            33819            33815            33959            33819            33819            33819            33815            33819 
