   2041985998680    1496106877139    1107835936979    1058009211091    1564732307745    2225187031164    2299016645754    2535876747096     139176360256     939112708416      69786155328     309011683648      63595436352      94800812352      60659480896      61330553152 
   3091202637225     984570609875    1564732307745     505053116736     449585740065     355237746364     939753717971      59904530752     886147094848      64736270656     110051227968      81043577152      59451570496      59367692608      68175558976      59451570496 
   1870049771460      88895265088     446920153408    1573570670373    1167416834368    1605401125075    2123192404930    2087685563537     115738679616     321443576128      63595436352      60978239808      65357019456      81043577152     123791710528      66011322688 
    106427365696     201302202688     275522804001      60122626368     271898974497     136614524604     320737114401     334177458496     164006558016      59367692608      88895265088      60122626368      59367692608     113809307968      59904530752      59300600127 
   1107874552128      60122626368      61716420928      82268305728      83526588736     119698086208      71530969408     266011769152      62588819776      59719989568      59451570496      59451570496      88895265088     186286635328      65357019456      59451570496 
    757499550016      87502764352      88895265088      66699180352      59719989568      99582294336     378804771136     258629810496     143873964352      82268305728      66011322688      59569002816      59367692608      71530969408      59904530752      59904530752 
   2108339694530     325654649152     153671825728     304934828352     136877889856     549881772352    1091164461376    1565245632293      68175558976     117701605696      59569002816      72453708096      59719989568      83526588736      66011322688      60978239808 
    220428179776      59300600127      70641785152      59451570496      65357019456      63595436352     268392626465     210714196288      69786155328      59300600127      59367692608      59719989568      59451570496      97954912576      59317369152      59367692608 
   1542544207653      83526588736      71530969408      59569002816      59317369152      59317369152     121728121152     281178339648      60374276416      87502764352      59719989568      77570718016      77570718016      93274093888      69786155328      59719989568 
     83526588736      59367692608      59451570496      67420592448      64736270656      86143818048     156205177152     192192198976      86143818048      74399848768      60659480896      59569002816      59451570496      65357019456      59367692608      59569002816 
    113809307968      83526588736      63595436352     132381612352      72453708096     292905589056     269753080128     412040378688      59367692608      60659480896      59451570496      62135843136      61716420928      63595436352      64736270656      59317369152 
    153671825728      59317369152      59367692608      59904530752      59367692608      62588819776      59719989568     174878161216      59451570496      60659480896      59300600127      59719989568      59569002816      73410001216      59300600127      59367692608 
    452037196096      59451570496      59317369152      66011322688      59719989568      83526588736      84818426176      81043577152      59569002816      59904530752      59317369152      59367692608      60978239808      84818426176      66011322688      59317369152 
    233849919808      64736270656      66011322688      64736270656      59569002816      69786155328     102937721152     101243230528      62588819776      59719989568      60978239808      61330553152      59569002816      59904530752      59317369152      59367692608 
    360551192896      59367692608      59569002816      59719989568      59569002816      59317369152      64149076288      68175558976      60374276416      62588819776      59451570496      59367692608      59451570496      60659480896      60374276416      59569002816 
     63075350848      62588819776      60122626368      60659480896      62588819776      59300600127      59451570496      61716420928      60122626368      61716420928      59367692608      59569002816      60659480896      64736270656      59367692608      59367692608 
