          792100            38025              144             1681               49              144                4                4                4               49               25               25               25                0                4                4                4               49               25                4                4                4                4               49                0                4                4                4                4                4                0                0 
            8464             1296             4096              100              100               49               25                4                4                4                4                0                4                0                4                4                4                0                0                0               25                0                4                4                0               25                4                4                0               25                4                0 
           10000             1681              900                4               25                0                4               25                0                4                4                0                4                0                4               25                4               49               25                4               25                4                4               25              144                0                0                0                0                4               25                4 
           15129             1444              100              144              324               25               25                4               25                4                0                4               25                0                4               25                4                4                4               25                0                4                0               25               25                4                4                0                0                0                0                0 
            2304              900             1444              144              144                0                4                0                4                4                4                0                4                0                4                4                4                0                4                4                4                4                4               25                0                4                4                4                4                0                0                0 
            1296             1296              784               49                0               49                4                0                4                4                0                0                4                0                4                4                4                4                4               25               25                0                4                4                0               49                4                0                0                4                4                0 
            5184             4356              225              324               49               49              100                0               25                0                4                4                0                4                4               25               25               49                4                4                0                0               49                0                0               49                0                0                0                4                0                0 
           17689             1849              529              784               49              100                0                0                4                0                4                4                0                0               25               25                4               25               25                4                0                0                4                0                0               49               25                4                4                0                4               25 
           26896             1296             1296              144              144                4               25                4                4               25                0                0                0                0               25               25                0                0                4                4               25                4                0               25               25                0               25                4                0                0                4                4 
           15129             1089              529              100              529                0              144                4                0                0                4                0                0                0                4                4                0                4                0                4                4                4                0                4               25               25                4               25                0                4                4                0 
            2916              100               49              529              324                4               25                4               25                4                0                4                0                4                4               25                0               25                4               49                4                4                0               49                4               25                0                4                4                0                4                0 
             784              324                4              625               49              144                4                0              144                4                0               25                0                4                0                0                0                4               25                4               25               25                0                4                4                4                4               25                4                4                0                0 
             784               49              100              144              100              225                4               25                4                4                4                0                0                0                0                4                0                4                4               49                4                4                4                0                0                4                0                4                0                0                4                0 
             144              400              144                4              324              400                0                4                4                4                4                0                0                0                0                0                4                4               25                4                4                4               25                0                4                0                0                4                4                0                0                4 
            3136             3136              100               49              144               25              144                0               49                4                4               25                0                4               25                0               25                4                4               25               25                4               49                4                4                0                4                4                0                4                0                4 
           11025             2916               49                4               25               25              225                0                4                4                4               25                0                4                4                4                4                4                0                0                4                4                0                4                4                0                4                0                0                4                4                0 
            7056              784                4               25               25              144              100               25                4                0                0                0                0                4                0                0                4                4               25                4               25               25                4                4                4                4                0               25                4                0                4                4 
            1296               49               25                4               25              100               25              100               25                4                4                4                0                4                0                0               49                0                4                0                4              100                0               25                4                4               25                0                0                4                0                0 
             900              100                4                4               25               25               25              144                4                4                4                0                4                0                0                0               25                4               25               25              100                4               25                4                0                0                0                4                4                4                0                0 
            1681              144                4                4                4                0               25               49                0                4                0                0                0                4                4                4                4               25                0                4                0                0               25                4               25               49                4                4                0                4                0                0 
            1089               49                4                0               25                0               25               25              100                0                4                0               25                4                0                4                0                4                4                4               49               25                0               49               25               25                0                4                0                4                4                0 
             100               49                4                4                4               25                4                4              100                4                4                0                4                4                0                4                4               49                4                4                0               25               49               25                4                4                4                4                0                4                4                0 
              25               49                4                4                0                4                4                0              100                4                4                4                4                0                0                0               25                4               25               25                0               25                4               49               49                4                0                0                0                4                0                0 
               4               49                4               25                0                4                0               25                4               49                4                4                4                0                0                4               25                4                4                0                4                4               49               25               25               49                4                0                0                0                4                4 
               4               25                0                0                4                4                0                4                0              100                0                0                4                4                0               25               25                4                0                4               49                4                4               25                0               25                4               25                0                4                4                4 
             225              100               25                4                4                4                0                4               25               25                0                0                0                0               49                4                0                4               25                0               49                4                4                0                4                4               25               25                4               25                4                4 
             225               49               25                0                0                4                0                4                4                0                4               49                0                4                4                4                4                4                4               25               49               49                0               25               25                0                4               25                0                4                4                0 
             144                4                4               25                0                0                4                4                4               25               49                4                0               25                4                0                0               25                0                4                4               49               25               25               49                4                4                0                4                4                0                4 
               0               25                4                4                0                0                0                0                4                0                4                4               25               25               25                4                4               25                4               25                4               25                0                4               25                4               25                4                4                4                4                4 
               4                4                4                4                4                0                4                0                4               25                4               25                0                0                4                4                4                4                0                4                4              100               25               25                0                4               25                0               25                4                4                0 
             100                4               25                4                0                4                0                0               25                4                4               49              100                4                4                0                0                4                4                0                4              225               49               49               25                4               49               25                4                4                4                4 
             100                4                0                4                0                4               25                4                4                4                0                0                4                4                4                0                0               25                0                4               49               25              100              100                4                0              144                4                4                4                0                4 
