  10576954441729    2321695211521    1214013923329     698198949889    3881589530625    1187086516225  111070668546049   10818093293569    2564914356225     387619553281     382536065025      43637121025      20551802881     124083585025      54508707841       3774750721 
   7803480227841      22967705601       8874958849      19394183169     631425712129     270598676481   15916134187009    2346726801409     467898408961     107373527041      19394183169       3288219649      14109401089      96904577025      18270117889        419389441 
   6242797076481     142001602561       1677639681      26843217921     174549319681      47126765569    8315050917889     531567853569     118379347969      48921919489      17179607041       4848476161      14109401089       7398580225       6710722561        822026241 
   2670946295809      79875760129         16769025      28202164225      70883205121      38654312449    3203924582401     225753268225      66588254209      13153107969      19394183169       3774750721       8119992321        268402689        150970369                0 
     68718952449      12230369281       3774750721      14109401089                0       9663479809     262142976001      26843217921       6710722561       8119992321       2415820801       2029953025      33973493761      15099248641       1358880769                0 
   1214013923329       4848476161      21742977025       1358880769      19394183169         16769025     279188594689        268402689       3288219649        603930625         16769025       4294836225      37060485121       8874958849       4294836225        268402689 
   1939443384321       2029953025      40281694209       1358880769      52612890625        150970369     705060823041      40281694209      13153107969       1358880769       1073676289        150970369      10485555201       1358880769       2029953025        419389441 
   1343668133889         67092481      29594664961       1677639681      37060485121         67092481     644511924225      28202164225      16122650625        268402689       9663479809                0       4294836225        150970369         16769025        268402689 
    725847769089       7398580225       6056419329       6710722561       8119992321       1677639681     199329210369      13153107969      13153107969       1358880769      17179607041        822026241      41942630401       5435670529       2029953025         67092481 
    142001602561       8874958849       8119992321       7398580225       3288219649       3288219649        419389441         16769025      10485555201       1677639681       7398580225         67092481      22967705601      11341185025       1358880769        419389441 
     14109401089      25517826049       6710722561       7398580225        603930625       4848476161     135894712321        822026241         16769025       2415820801        822026241        150970369       7398580225       2029953025       1677639681        150970369 
      8874958849      19394183169       1677639681       4848476161        603930625       2835243009     142001602561      10485555201       1073676289       2415820801        822026241       2029953025       1073676289        419389441        150970369                0 
     50750627841      14109401089       2835243009       6710722561       1073676289       1677639681      48921919489       9663479809       2029953025       4294836225         67092481       1073676289      13153107969        603930625        419389441        150970369 
    112809328641      10485555201       2029953025       5435670529       1677639681        150970369       2415820801       2029953025        268402689         67092481        419389441         67092481       4294836225       1677639681        603930625        268402689 
     91871428609       2029953025       1073676289        822026241       3288219649                0       8119992321        150970369        268402689        419389441                0         16769025       2835243009       2835243009         16769025        603930625 
     48921919489         67092481         67092481        603930625       1677639681        822026241      15099248641        150970369        150970369         16769025        150970369        419389441         67092481         67092481        150970369        268402689 
