343554425031 138145170465 323068210533 306948741064      0 252207387487 252207387487 250636980342      0      0      0      0      0      0      0      0 
138145170465 323068210533 306948741064      0 252207387487 252207387487 250636980342      0      0      0      0      0      0      0      0      0 
323068210533 306948741064      0 252207387487 252207387487 250636980342 221163984311 250636980342      0      0      0      0      0      0      0      0 
306948741064      0 252207387487 252207387487 250636980342 221163984311 250636980342      0      0      0      0      0      0      0      0      0 
     0 252207387487 252207387487 250636980342 221163984311 250636980342      0      0      0      0      0      0      0      0      0      0 
252207387487 252207387487 250636980342 221163984311 250636980342      0      0      0      0      0      0      0      0      0      0      0 
239076757423 250636980342 221163984311 250636980342      0      0      0 277951933006      0      0      0      0      0      0      0      0 
250636980342 221163984311 250636980342      0      0      0 277951933006      0      0      0      0      0      0      0      0      0 
221163984311 250636980342      0      0      0 277951933006      0      0      0      0      0      0      0      0      0      0 
250636980342      0      0      0 277951933006      0      0      0      0      0      0      0      0      0      0      0 
     0      0      0 277951933006      0      0      0      0      0      0      0      0      0      0      0      0 
     0      0 277951933006      0      0      0      0      0      0      0      0      0      0      0      0      0 
     0 277951933006      0      0      0      0      0      0      0      0      0      0      0      0      0      0 
277951933006      0      0      0      0      0      0      0      0      0      0      0      0      0      0      0 
     0      0      0      0      0      0      0      0      0      0      0      0      0      0      0      0 
     0      0      0      0      0      0      0      0      0      0      0      0      0      0      0      0 
