     0  30210      0      0      0      0  28927      0      0      0      0      0      0      0      0      0 
 30210      0      0      0      0  28927  32248      0      0      0      0      0      0      0      0      0 
     0      0      0      0  28927  32248      0      0      0      0      0      0      0      0      0      0 
     0      0      0  28927  32248      0      0      0      0      0      0      0      0      0      0      0 
     0      0  28927  32248      0      0      0      0      0      0      0      0      0      0      0      0 
     0  28927  32248      0      0      0      0      0      0      0      0      0      0      0      0      0 
 28927  32248      0      0      0      0      0      0      0      0      0      0      0      0      0      0 
 32248      0      0      0      0      0      0      0      0      0      0      0      0      0      0      0 
     0      0      0      0      0      0      0      0      0      0      0      0      0      0      0      0 
     0      0      0      0      0      0      0      0      0      0      0      0      0      0      0      0 
     0      0      0      0      0      0      0      0      0      0      0      0      0      0      0      0 
     0      0      0      0      0      0      0      0      0      0      0      0      0      0      0      0 
     0      0      0      0      0      0      0      0      0      0      0      0      0      0      0      0 
     0      0      0      0      0      0      0      0      0      0      0      0      0      0      0      0 
     0      0      0      0      0      0      0      0      0      0      0      0      0      0      0      0 
     0      0      0      0      0      0      0      0      0      0      0      0      0      0      0      0 
