 14924   2654  14924  14924  34097  14924 -1519937  34097  14924  14924  14924  14924  14924  14924  14924  14924 
-74332  14924  14924  14924  14924  41775 -169944  14924  14924  14924  14924  14924  14924  14924  14924  14924 
 14924  14924  14924  14924  14924  34097  14924  14924  14924  14924  14924  14924  14924  14924  14924  14924 
 14924  14924  14924  14924  14924  14924  14924  14924  14924  14924  14924  14924  14924  14924  14924  14924 
 14924  14924  14924  14924  14924  14924  14924  14924  14924  14924  14924  14924  14924  14924  14924  14924 
 14924  14924  14924  14924  14924  14924  14924  14924  14924  14924  14924  14924  14924  14924  14924  14924 
 14924  14924  14924  14924  14924  14924  14924  14924  14924  14924  14924  14924  14924  14924  14924  14924 
 14924  14924  14924  14924  14924  14924  14924  14924  14924  14924  14924  14924  14924  14924  14924  14924 
 14924  14924  14924  14924  14924  14924  14924  14924  14924  14924  14924  14924  14924  14924  14924  14924 
 14924  14924  14924  14924  14924  14924  14924  14924  14924  14924  14924  14924  14924  14924  14924  14924 
 14924  14924  14924  14924  14924  14924  14924  14924  14924  14924  14924  14924  14924  14924  14924  14924 
 14924  14924  14924  14924  14924  14924  14924  14924  14924  14924  14924  14924  14924  14924  14924  14924 
 14924  14924  14924  14924  14924  14924  14924  14924  14924  14924  14924  14924  14924  14924  14924  14924 
 14924  14924  14924  14924  14924  14924  14924  14924  14924  14924  14924  14924  14924  14924  14924  14924 
 14924  14924  14924  14924  14924  14924  14924  14924  14924  14924  14924  14924  14924  14924  14924  14924 
 14924  14924  14924  14924  14924  14924  14924  14924  14924  14924  14924  14924  14924  14924  14924  14924 
