  37347144335361    7263925157889    2334194229249    5280137601025    1296608083969    8867239239681   18673452195841   43434202554369      79875760129     879812108289      10485555201     249711083521       4294836225      35500212225       1358880769       2029953025 
  79732023459841    4712715632641    1296608083969     445752516609     181461516289     241590927361    4094240636929        603930625     826846494721       5435670529      50750627841      21742977025        150970369         67092481       8874958849        150970369 
  32089585164289      29594664961     387619553281    4501725462529    1108116234241    7644113510401   14107768872961   28440793006081      56438079489     262142976001       4294836225       1677639681       6056419329      21742977025      64491110401       6710722561 
     47126765569     142001602561       7398580225        822026241       3774750721      22967705601      52612890625     274876858369     104705957889         67092481      29594664961        822026241         67092481      54508707841        603930625                0 
   1048573952001        822026241       2415820801      22967705601      24225988609      60397486081      12230369281     206711169025       3288219649        419389441        150970369        150970369      29594664961     126986035201       6056419329        150970369 
    698198949889      28202164225      29594664961       7398580225        419389441      40281694209     319504171009     199329210369      84573364225      22967705601       6710722561        268402689         67092481      12230369281        603930625        603930625 
  14698444161025     266354049025      94371225601     245634228225      77577289729     490581172225    1031863861249    3218604638209       8874958849      58401005569        268402689      13153107969        419389441      24225988609       6710722561       1677639681 
    161127579649                0      11341185025        150970369       6056419329       4294836225        268402689     151413596161      10485555201                0         67092481        419389441        150970369      38654312449         16769025         67092481 
   3737691422721      24225988609      12230369281        268402689         16769025         16769025      62427521025     221877739521       1073676289      28202164225        419389441      18270117889      18270117889      33973493761      10485555201        419389441 
     24225988609         67092481        150970369       8119992321       5435670529      26843217921      96904577025     132891598849      26843217921      15099248641       1358880769        268402689        150970369       6056419329         67092481        268402689 
     54508707841      24225988609       4294836225      73081012225      13153107969     233604988929     210452480001     352739778561         67092481       1358880769        150970369       2835243009       2415820801       4294836225       5435670529         16769025 
     94371225601         16769025         67092481        603930625         67092481       3288219649        419389441     115577561089        150970369       1358880769                0        419389441        268402689      14109401089                0         67092481 
    392736595969        150970369         16769025       6710722561        419389441      24225988609      25517826049      21742977025        268402689        603930625         16769025         67092481       1677639681      25517826049       6710722561         16769025 
    174549319681       5435670529       6710722561       5435670529        268402689      10485555201      43637121025      41942630401       3288219649        419389441       1677639681       2029953025        268402689        603930625         16769025         67092481 
    301250592769         67092481        268402689        419389441        268402689         16769025       4848476161       8874958849       1073676289       3288219649        150970369         67092481        150970369       1358880769       1073676289        268402689 
      3774750721       3288219649        822026241       1358880769       3288219649                0        150970369       2415820801        822026241       2415820801         67092481        268402689       1358880769       5435670529         67092481         67092481 
